2
26
8
2 1 0.4888857360961382 2 0.7613944161430276 2.0
2 1 -0.4888857360961382 2 -0.7613944161430276 2.0
2 1 -0.7613944161430276 2 0.4888857360961382 5.0
2 1 0.7613944161430276 2 -0.4888857360961382 -1.0
1 1 1.0 -5.0
1 1 -1.0 6.0
1 2 1.0 1.0
1 2 -1.0 0.0
8
2 1 0.3213824970436973 2 0.8266444714057852 2.0
2 1 -0.3213824970436973 2 -0.8266444714057852 2.0
2 1 -0.8266444714057852 2 0.3213824970436973 5.0
2 1 0.8266444714057852 2 -0.3213824970436973 -1.0
1 1 1.0 -5.0
1 1 -1.0 6.0
1 2 1.0 1.0
1 2 -1.0 0.0
8
2 1 0.14776232437583964 2 0.8567087974386622 2.0
2 1 -0.14776232437583964 2 -0.8567087974386622 2.0
2 1 -0.8567087974386622 2 0.14776232437583964 5.0
2 1 0.8567087974386622 2 -0.14776232437583964 -1.0
1 1 1.0 -5.0
1 1 -1.0 6.0
1 2 1.0 1.0
1 2 -1.0 0.0
8
2 1 -0.024882194039172627 2 0.851780388001019 2.0
2 1 0.024882194039172627 2 -0.851780388001019 2.0
2 1 -0.851780388001019 2 -0.024882194039172627 5.0
2 1 0.851780388001019 2 0.024882194039172627 -1.0
1 1 1.0 -5.0
1 1 -1.0 6.0
1 2 1.0 1.0
1 2 -1.0 0.0
8
2 1 -0.18977513413201177 2 0.8134258653503915 2.0
2 1 0.18977513413201177 2 -0.8134258653503915 2.0
2 1 -0.8134258653503915 2 -0.18977513413201177 5.0
2 1 0.8134258653503915 2 0.18977513413201177 -1.0
1 1 1.0 -5.0
1 1 -1.0 6.0
1 2 1.0 1.0
1 2 -1.0 0.0
8
2 1 -0.3407121905060796 2 0.7444697156310272 2.0
2 1 0.3407121905060796 2 -0.7444697156310272 2.0
2 1 -0.7444697156310272 2 -0.3407121905060796 5.0
2 1 0.7444697156310272 2 0.3407121905060796 -1.0
1 1 1.0 -5.0
1 1 -1.0 6.0
1 2 1.0 1.0
1 2 -1.0 0.0
8
2 1 0.44045151118522025 2 0.2503261962979699 2.0
2 1 -0.44045151118522025 2 -0.2503261962979699 2.0
2 1 -0.2503261962979699 2 0.44045151118522025 5.0
2 1 0.2503261962979699 2 -0.44045151118522025 -1.0
1 1 1.0 -5.0
1 1 -1.0 6.0
1 2 1.0 1.0
1 2 -1.0 0.0
8
2 1 0.374376762771144 2 0.32624986012149026 2.0
2 1 -0.374376762771144 2 -0.32624986012149026 2.0
2 1 -0.32624986012149026 2 0.374376762771144 5.0
2 1 0.32624986012149026 2 -0.374376762771144 -1.0
1 1 1.0 -5.0
1 1 -1.0 6.0
1 2 1.0 1.0
1 2 -1.0 0.0
8
2 1 0.29611637277677977 2 0.3863195968654326 2.0
2 1 -0.29611637277677977 2 -0.3863195968654326 2.0
2 1 -0.3863195968654326 2 0.29611637277677977 5.0
2 1 0.3863195968654326 2 -0.29611637277677977 -1.0
1 1 1.0 -5.0
1 1 -1.0 6.0
1 2 1.0 1.0
1 2 -1.0 0.0
8
2 1 0.20923703990261952 2 0.4287861129437809 2.0
2 1 -0.20923703990261952 2 -0.4287861129437809 2.0
2 1 -0.4287861129437809 2 0.20923703990261952 5.0
2 1 0.4287861129437809 2 -0.20923703990261952 -1.0
1 1 1.0 -5.0
1 1 -1.0 6.0
1 2 1.0 1.0
1 2 -1.0 0.0
8
2 1 0.11750580927349528 2 0.45266351269564803 2.0
2 1 -0.11750580927349528 2 -0.45266351269564803 2.0
2 1 -0.45266351269564803 2 0.11750580927349528 5.0
2 1 0.45266351269564803 2 -0.11750580927349528 -1.0
1 1 1.0 -5.0
1 1 -1.0 6.0
1 2 1.0 1.0
1 2 -1.0 0.0
8
2 1 0.024733510194198442 2 0.4577382556405485 2.0
2 1 -0.024733510194198442 2 -0.4577382556405485 2.0
2 1 -0.4577382556405485 2 0.024733510194198442 5.0
2 1 0.4577382556405485 2 -0.024733510194198442 -1.0
1 1 1.0 -5.0
1 1 -1.0 6.0
1 2 1.0 1.0
1 2 -1.0 0.0
8
2 1 -0.06537735954698684 2 0.4445473043643943 2.0
2 1 0.06537735954698684 2 -0.4445473043643943 2.0
2 1 -0.4445473043643943 2 -0.06537735954698684 5.0
2 1 0.4445473043643943 2 0.06537735954698684 -1.0
1 1 1.0 -5.0
1 1 -1.0 6.0
1 2 1.0 1.0
1 2 -1.0 0.0
8
2 1 -0.14937451676686084 2 0.41432750848082966 2.0
2 1 0.14937451676686084 2 -0.41432750848082966 2.0
2 1 -0.41432750848082966 2 -0.14937451676686084 5.0
2 1 0.41432750848082966 2 0.14937451676686084 -1.0
1 1 1.0 -5.0
1 1 -1.0 6.0
1 2 1.0 1.0
1 2 -1.0 0.0
8
2 1 -0.22418235717087873 2 0.3689393394548361 2.0
2 1 0.22418235717087873 2 -0.3689393394548361 2.0
2 1 -0.3689393394548361 2 -0.22418235717087873 5.0
2 1 0.3689393394548361 2 0.22418235717087873 -1.0
1 1 1.0 -5.0
1 1 -1.0 6.0
1 2 1.0 1.0
1 2 -1.0 0.0
8
2 1 -0.2872085701605785 2 0.31076900688472436 2.0
2 1 0.2872085701605785 2 -0.31076900688472436 2.0
2 1 -0.31076900688472436 2 -0.2872085701605785 5.0
2 1 0.31076900688472436 2 0.2872085701605785 -1.0
1 1 1.0 -5.0
1 1 -1.0 6.0
1 2 1.0 1.0
1 2 -1.0 0.0
8
2 1 -0.33642750946129873 2 0.24261366272465376 2.0
2 1 0.33642750946129873 2 -0.24261366272465376 2.0
2 1 -0.24261366272465376 2 -0.33642750946129873 5.0
2 1 0.24261366272465376 2 0.33642750946129873 -1.0
1 1 1.0 -5.0
1 1 -1.0 6.0
1 2 1.0 1.0
1 2 -1.0 0.0
8
2 1 0.21528006321988444 2 0.158163761242313 2.0
2 1 -0.21528006321988444 2 -0.158163761242313 2.0
2 1 -0.158163761242313 2 0.21528006321988444 5.0
2 1 0.158163761242313 2 -0.21528006321988444 -1.0
1 1 1.0 -5.0
1 1 -1.0 6.0
1 2 1.0 1.0
1 2 -1.0 0.0
8
2 1 0.17601084884616255 2 0.19386423212842435 2.0
2 1 -0.17601084884616255 2 -0.19386423212842435 2.0
2 1 -0.19386423212842435 2 0.17601084884616255 5.0
2 1 0.19386423212842435 2 -0.17601084884616255 -1.0
1 1 1.0 -5.0
1 1 -1.0 6.0
1 2 1.0 1.0
1 2 -1.0 0.0
8
2 1 0.1313343534557967 2 0.2205131625861781 2.0
2 1 -0.1313343534557967 2 -0.2205131625861781 2.0
2 1 -0.2205131625861781 2 0.1313343534557967 5.0
2 1 0.2205131625861781 2 -0.1313343534557967 -1.0
1 1 1.0 -5.0
1 1 -1.0 6.0
1 2 1.0 1.0
1 2 -1.0 0.0
8
2 1 0.08322593686398408 2 0.23741361802828348 2.0
2 1 -0.08322593686398408 2 -0.23741361802828348 2.0
2 1 -0.23741361802828348 2 0.08322593686398408 5.0
2 1 0.23741361802828348 2 -0.08322593686398408 -1.0
1 1 1.0 -5.0
1 1 -1.0 6.0
1 2 1.0 1.0
1 2 -1.0 0.0
8
2 1 0.03371898987334515 2 0.24428079527922558 2.0
2 1 -0.03371898987334515 2 -0.24428079527922558 2.0
2 1 -0.24428079527922558 2 0.03371898987334515 5.0
2 1 0.24428079527922558 2 -0.03371898987334515 -1.0
1 1 1.0 -5.0
1 1 -1.0 6.0
1 2 1.0 1.0
1 2 -1.0 0.0
8
2 1 -0.015177635525123299 2 0.24123706212684168 2.0
2 1 0.015177635525123299 2 -0.24123706212684168 2.0
2 1 -0.24123706212684168 2 -0.015177635525123299 5.0
2 1 0.24123706212684168 2 0.015177635525123299 -1.0
1 1 1.0 -5.0
1 1 -1.0 6.0
1 2 1.0 1.0
1 2 -1.0 0.0
8
2 1 -0.06155794318094693 2 0.22879116567379146 2.0
2 1 0.06155794318094693 2 -0.22879116567379146 2.0
2 1 -0.22879116567379146 2 -0.06155794318094693 5.0
2 1 0.22879116567379146 2 0.06155794318094693 -1.0
1 1 1.0 -5.0
1 1 -1.0 6.0
1 2 1.0 1.0
1 2 -1.0 0.0
8
2 1 -0.10368999075072859 2 0.2078030043003909 2.0
2 1 0.10368999075072859 2 -0.2078030043003909 2.0
2 1 -0.2078030043003909 2 -0.10368999075072859 5.0
2 1 0.2078030043003909 2 0.10368999075072859 -1.0
1 1 1.0 -5.0
1 1 -1.0 6.0
1 2 1.0 1.0
1 2 -1.0 0.0
8
2 1 -0.14007742757304673 2 0.17943591494952443 2.0
2 1 0.14007742757304673 2 -0.17943591494952443 2.0
2 1 -0.17943591494952443 2 -0.14007742757304673 5.0
2 1 0.17943591494952443 2 0.14007742757304673 -1.0
1 1 1.0 -5.0
1 1 -1.0 6.0
1 2 1.0 1.0
1 2 -1.0 0.0
