2
4
8
2 1 0.3213824970436973 2 0.8266444714057852 1.5
2 1 -0.3213824970436973 2 -0.8266444714057852 1.5
2 1 -0.8266444714057852 2 0.3213824970436973 6.0
2 1 0.8266444714057852 2 -0.3213824970436973 -4.0
1 1 1.0 -5.0
1 1 -1.0 6.0
1 2 1.0 1.0
1 2 -1.0 0.0
8
2 1 0.14776232437583964 2 0.8567087974386622 1.5
2 1 -0.14776232437583964 2 -0.8567087974386622 1.5
2 1 -0.8567087974386622 2 0.14776232437583964 6.0
2 1 0.8567087974386622 2 -0.14776232437583964 -4.0
1 1 1.0 -5.0
1 1 -1.0 6.0
1 2 1.0 1.0
1 2 -1.0 0.0
8
2 1 -0.024882194039172627 2 0.851780388001019 1.5
2 1 0.024882194039172627 2 -0.851780388001019 1.5
2 1 -0.851780388001019 2 -0.024882194039172627 6.0
2 1 0.851780388001019 2 0.024882194039172627 -4.0
1 1 1.0 -5.0
1 1 -1.0 6.0
1 2 1.0 1.0
1 2 -1.0 0.0
8
2 1 -0.18977513413201177 2 0.8134258653503915 1.5
2 1 0.18977513413201177 2 -0.8134258653503915 1.5
2 1 -0.8134258653503915 2 -0.18977513413201177 6.0
2 1 0.8134258653503915 2 0.18977513413201177 -4.0
1 1 1.0 -5.0
1 1 -1.0 6.0
1 2 1.0 1.0
1 2 -1.0 0.0
