6
44
13
1 2 -0.9801986536617449 0.28613907142184547
1 1 1.0 0.3
1 1 -1.0 -0.2
1 2 1.0 0.1
1 2 -1.0 0.1
1 3 1.0 0.0
1 3 -1.0 0.0
1 4 1.0 0.0
1 4 -1.0 0.0
1 5 1.0 0.0
1 5 -1.0 0.0
1 6 1.0 0.0
1 6 -1.0 0.0
13
1 2 -0.9607894630285329 0.27255260750245125
1 1 1.0 0.3
1 1 -1.0 -0.2
1 2 1.0 0.1
1 2 -1.0 0.1
1 3 1.0 0.0
1 3 -1.0 0.0
1 4 1.0 0.0
1 4 -1.0 0.0
1 5 1.0 0.0
1 5 -1.0 0.0
1 6 1.0 0.0
1 6 -1.0 0.0
13
1 2 -0.9417645371634565 0.2592351737380212
1 1 1.0 0.3
1 1 -1.0 -0.2
1 2 1.0 0.1
1 2 -1.0 0.1
1 3 1.0 0.0
1 3 -1.0 0.0
1 4 1.0 0.0
1 4 -1.0 0.0
1 5 1.0 0.0
1 5 -1.0 0.0
1 6 1.0 0.0
1 6 -1.0 0.0
13
1 2 -0.9231163926238688 0.24618144268289388
1 1 1.0 0.3
1 1 -1.0 -0.2
1 2 1.0 0.1
1 2 -1.0 0.1
1 3 1.0 0.0
1 3 -1.0 0.0
1 4 1.0 0.0
1 4 -1.0 0.0
1 5 1.0 0.0
1 5 -1.0 0.0
1 6 1.0 0.0
1 6 -1.0 0.0
13
1 2 -0.9048374666031507 0.23338619282953527
1 1 1.0 0.3
1 1 -1.0 -0.2
1 2 1.0 0.1
1 2 -1.0 0.1
1 3 1.0 0.0
1 3 -1.0 0.0
1 4 1.0 0.0
1 4 -1.0 0.0
1 5 1.0 0.0
1 5 -1.0 0.0
1 6 1.0 0.0
1 6 -1.0 0.0
13
1 2 -0.8869204869732707 0.2208443059022677
1 1 1.0 0.3
1 1 -1.0 -0.2
1 2 1.0 0.1
1 2 -1.0 0.1
1 3 1.0 0.0
1 3 -1.0 0.0
1 4 1.0 0.0
1 4 -1.0 0.0
1 5 1.0 0.0
1 5 -1.0 0.0
1 6 1.0 0.0
1 6 -1.0 0.0
13
1 2 -0.8693582645011286 0.20855076520218951
1 1 1.0 0.3
1 1 -1.0 -0.2
1 2 1.0 0.1
1 2 -1.0 0.1
1 3 1.0 0.0
1 3 -1.0 0.0
1 4 1.0 0.0
1 4 -1.0 0.0
1 5 1.0 0.0
1 5 -1.0 0.0
1 6 1.0 0.0
1 6 -1.0 0.0
13
1 2 -0.8521438594508333 0.19650065267066213
1 1 1.0 0.3
1 1 -1.0 -0.2
1 2 1.0 0.1
1 2 -1.0 0.1
1 3 1.0 0.0
1 3 -1.0 0.0
1 4 1.0 0.0
1 4 -1.0 0.0
1 5 1.0 0.0
1 5 -1.0 0.0
1 6 1.0 0.0
1 6 -1.0 0.0
13
1 2 -0.8352702836286425 0.18468914837284667
1 1 1.0 0.3
1 1 -1.0 -0.2
1 2 1.0 0.1
1 2 -1.0 0.1
1 3 1.0 0.0
1 3 -1.0 0.0
1 4 1.0 0.0
1 4 -1.0 0.0
1 5 1.0 0.0
1 5 -1.0 0.0
1 6 1.0 0.0
1 6 -1.0 0.0
13
1 2 -0.8187308265525 0.17311152751972156
1 1 1.0 0.3
1 1 -1.0 -0.2
1 2 1.0 0.1
1 2 -1.0 0.1
1 3 1.0 0.0
1 3 -1.0 0.0
1 4 1.0 0.0
1 4 -1.0 0.0
1 5 1.0 0.0
1 5 -1.0 0.0
1 6 1.0 0.0
1 6 -1.0 0.0
13
1 2 -0.802518870265728 0.16176315894436255
1 1 1.0 0.3
1 1 -1.0 -0.2
1 2 1.0 0.1
1 2 -1.0 0.1
1 3 1.0 0.0
1 3 -1.0 0.0
1 4 1.0 0.0
1 4 -1.0 0.0
1 5 1.0 0.0
1 5 -1.0 0.0
1 6 1.0 0.0
1 6 -1.0 0.0
13
1 2 -0.7866279301660364 0.15063950310646385
1 1 1.0 0.3
1 1 -1.0 -0.2
1 2 1.0 0.1
1 2 -1.0 0.1
1 3 1.0 0.0
1 3 -1.0 0.0
1 4 1.0 0.0
1 4 -1.0 0.0
1 5 1.0 0.0
1 5 -1.0 0.0
1 6 1.0 0.0
1 6 -1.0 0.0
13
1 2 -0.7710516478434796 0.13973611041623446
1 1 1.0 0.3
1 1 -1.0 -0.2
1 2 1.0 0.1
1 2 -1.0 0.1
1 3 1.0 0.0
1 3 -1.0 0.0
1 4 1.0 0.0
1 4 -1.0 0.0
1 5 1.0 0.0
1 5 -1.0 0.0
1 6 1.0 0.0
1 6 -1.0 0.0
13
1 2 -0.7557838016195049 0.1290486193658255
1 1 1.0 0.3
1 1 -1.0 -0.2
1 2 1.0 0.1
1 2 -1.0 0.1
1 3 1.0 0.0
1 3 -1.0 0.0
1 4 1.0 0.0
1 4 -1.0 0.0
1 5 1.0 0.0
1 5 -1.0 0.0
1 6 1.0 0.0
1 6 -1.0 0.0
13
1 2 -0.7408182589416294 0.11857275554196955
1 1 1.0 0.3
1 1 -1.0 -0.2
1 2 1.0 0.1
1 2 -1.0 0.1
1 3 1.0 0.0
1 3 -1.0 0.0
1 4 1.0 0.0
1 4 -1.0 0.0
1 5 1.0 0.0
1 5 -1.0 0.0
1 6 1.0 0.0
1 6 -1.0 0.0
13
1 2 -0.7261491151092283 0.10830432704125698
1 1 1.0 0.3
1 1 -1.0 -0.2
1 2 1.0 0.1
1 2 -1.0 0.1
1 3 1.0 0.0
1 3 -1.0 0.0
1 4 1.0 0.0
1 4 -1.0 0.0
1 5 1.0 0.0
1 5 -1.0 0.0
1 6 1.0 0.0
1 6 -1.0 0.0
13
1 2 -0.7117704021240727 0.09823922695206588
1 1 1.0 0.3
1 1 -1.0 -0.2
1 2 1.0 0.1
1 2 -1.0 0.1
1 3 1.0 0.0
1 3 -1.0 0.0
1 4 1.0 0.0
1 4 -1.0 0.0
1 5 1.0 0.0
1 5 -1.0 0.0
1 6 1.0 0.0
1 6 -1.0 0.0
13
1 2 -0.697676406589534 0.08837342924482794
1 1 1.0 0.3
1 1 -1.0 -0.2
1 2 1.0 0.1
1 2 -1.0 0.1
1 3 1.0 0.0
1 3 -1.0 0.0
1 4 1.0 0.0
1 4 -1.0 0.0
1 5 1.0 0.0
1 5 -1.0 0.0
1 6 1.0 0.0
1 6 -1.0 0.0
13
1 2 -0.6838614886680451 0.07870298740340187
1 1 1.0 0.3
1 1 -1.0 -0.2
1 2 1.0 0.1
1 2 -1.0 0.1
1 3 1.0 0.0
1 3 -1.0 0.0
1 4 1.0 0.0
1 4 -1.0 0.0
1 5 1.0 0.0
1 5 -1.0 0.0
1 6 1.0 0.0
1 6 -1.0 0.0
13
1 2 -0.67032012256097 0.06922403315821585
1 1 1.0 0.3
1 1 -1.0 -0.2
1 2 1.0 0.1
1 2 -1.0 0.1
1 3 1.0 0.0
1 3 -1.0 0.0
1 4 1.0 0.0
1 4 -1.0 0.0
1 5 1.0 0.0
1 5 -1.0 0.0
1 6 1.0 0.0
1 6 -1.0 0.0
13
1 2 -0.6570468897677565 0.059932774810506934
1 1 1.0 0.3
1 1 -1.0 -0.2
1 2 1.0 0.1
1 2 -1.0 0.1
1 3 1.0 0.0
1 3 -1.0 0.0
1 4 1.0 0.0
1 4 -1.0 0.0
1 5 1.0 0.0
1 5 -1.0 0.0
1 6 1.0 0.0
1 6 -1.0 0.0
13
1 2 -0.6440364883190782 0.050825495684499705
1 1 1.0 0.3
1 1 -1.0 -0.2
1 2 1.0 0.1
1 2 -1.0 0.1
1 3 1.0 0.0
1 3 -1.0 0.0
1 4 1.0 0.0
1 4 -1.0 0.0
1 5 1.0 0.0
1 5 -1.0 0.0
1 6 1.0 0.0
1 6 -1.0 0.0
13
1 2 -0.6312837109351012 0.041898552764342845
1 1 1.0 0.3
1 1 -1.0 -0.2
1 2 1.0 0.1
1 2 -1.0 0.1
1 3 1.0 0.0
1 3 -1.0 0.0
1 4 1.0 0.0
1 4 -1.0 0.0
1 5 1.0 0.0
1 5 -1.0 0.0
1 6 1.0 0.0
1 6 -1.0 0.0
13
1 2 -0.6187834556078358 0.03314837515708852
1 1 1.0 0.3
1 1 -1.0 -0.2
1 2 1.0 0.1
1 2 -1.0 0.1
1 3 1.0 0.0
1 3 -1.0 0.0
1 4 1.0 0.0
1 4 -1.0 0.0
1 5 1.0 0.0
1 5 -1.0 0.0
1 6 1.0 0.0
1 6 -1.0 0.0
13
1 2 -0.6065307219788358 0.02457146267507887
1 1 1.0 0.3
1 1 -1.0 -0.2
1 2 1.0 0.1
1 2 -1.0 0.1
1 3 1.0 0.0
1 3 -1.0 0.0
1 4 1.0 0.0
1 4 -1.0 0.0
1 5 1.0 0.0
1 5 -1.0 0.0
1 6 1.0 0.0
1 6 -1.0 0.0
13
1 2 -0.5945206084337283 0.016164384439131985
1 1 1.0 0.3
1 1 -1.0 -0.2
1 2 1.0 0.1
1 2 -1.0 0.1
1 3 1.0 0.0
1 3 -1.0 0.0
1 4 1.0 0.0
1 4 -1.0 0.0
1 5 1.0 0.0
1 5 -1.0 0.0
1 6 1.0 0.0
1 6 -1.0 0.0
13
1 2 -0.5827483101756469 0.007923777505941199
1 1 1.0 0.3
1 1 -1.0 -0.2
1 2 1.0 0.1
1 2 -1.0 0.1
1 3 1.0 0.0
1 3 -1.0 0.0
1 4 1.0 0.0
1 4 -1.0 0.0
1 5 1.0 0.0
1 5 -1.0 0.0
1 6 1.0 0.0
1 6 -1.0 0.0
13
1 2 -0.5712091130778405 -0.00015365447712295532
1 1 1.0 0.3
1 1 -1.0 -0.2
1 2 1.0 0.1
1 2 -1.0 0.1
1 3 1.0 0.0
1 3 -1.0 0.0
1 4 1.0 0.0
1 4 -1.0 0.0
1 5 1.0 0.0
1 5 -1.0 0.0
1 6 1.0 0.0
1 6 -1.0 0.0
13
1 2 -0.5598984024409613 -0.008071142590565739
1 1 1.0 0.3
1 1 -1.0 -0.2
1 2 1.0 0.1
1 2 -1.0 0.1
1 3 1.0 0.0
1 3 -1.0 0.0
1 4 1.0 0.0
1 4 -1.0 0.0
1 5 1.0 0.0
1 5 -1.0 0.0
1 6 1.0 0.0
1 6 -1.0 0.0
13
1 2 -0.5488116575816466 -0.015831853933469642
1 1 1.0 0.3
1 1 -1.0 -0.2
1 2 1.0 0.1
1 2 -1.0 0.1
1 3 1.0 0.0
1 3 -1.0 0.0
1 4 1.0 0.0
1 4 -1.0 0.0
1 5 1.0 0.0
1 5 -1.0 0.0
1 6 1.0 0.0
1 6 -1.0 0.0
13
1 2 -0.5379444373219013 -0.023438892132187972
1 1 1.0 0.3
1 1 -1.0 -0.2
1 2 1.0 0.1
1 2 -1.0 0.1
1 3 1.0 0.0
1 3 -1.0 0.0
1 4 1.0 0.0
1 4 -1.0 0.0
1 5 1.0 0.0
1 5 -1.0 0.0
1 6 1.0 0.0
1 6 -1.0 0.0
13
1 2 -0.5272924617619565 -0.03089530150824582
1 1 1.0 0.3
1 1 -1.0 -0.2
1 2 1.0 0.1
1 2 -1.0 0.1
1 3 1.0 0.0
1 3 -1.0 0.0
1 4 1.0 0.0
1 4 -1.0 0.0
1 5 1.0 0.0
1 5 -1.0 0.0
1 6 1.0 0.0
1 6 -1.0 0.0
13
1 2 -0.5168513738149388 -0.038204064269817484
1 1 1.0 0.3
1 1 -1.0 -0.2
1 2 1.0 0.1
1 2 -1.0 0.1
1 3 1.0 0.0
1 3 -1.0 0.0
1 4 1.0 0.0
1 4 -1.0 0.0
1 5 1.0 0.0
1 5 -1.0 0.0
1 6 1.0 0.0
1 6 -1.0 0.0
13
1 2 -0.5066170333751288 -0.04536810391704671
1 1 1.0 0.3
1 1 -1.0 -0.2
1 2 1.0 0.1
1 2 -1.0 0.1
1 3 1.0 0.0
1 3 -1.0 0.0
1 4 1.0 0.0
1 4 -1.0 0.0
1 5 1.0 0.0
1 5 -1.0 0.0
1 6 1.0 0.0
1 6 -1.0 0.0
20
1 2 -0.3678794771519938 0.040414068146448046
1 1 1.0 0.2999999999999998
1 1 -1.0 -0.20000000000000018
1 2 1.0 0.09999999999999998
1 2 -1.0 0.10000000000000009
1 3 1.0 0.0
1 3 -1.0 0.0
1 4 1.0 0.0
1 4 -1.0 0.0
1 5 1.0 0.0
1 5 -1.0 0.0
1 6 1.0 0.0
1 6 -1.0 0.0
2 1 -0.1500972552789598 2 -0.45840604229323767 0.015816327653506712
2 1 -0.14421185772398912 2 -0.4493289942355847 0.013582172870372777
2 1 -0.13855722991404976 2 -0.44043168354945295 0.011312295617477097
2 1 -0.13312432323229736 2 -0.4317105516880286 0.009010538549389213
1 1 -0.17906614978818466 0.5746536912790974
2 1 0.12790444386760327 2 0.42316210953961225 -0.006680545369451507
2 1 -0.12790444386760327 2 -0.42316210953961225 0.006680545369451507
20
1 2 -0.36059499319644145 0.05941512575135338
1 1 1.0 0.2999999999999998
1 1 -1.0 -0.20000000000000018
1 2 1.0 0.09999999999999998
1 2 -1.0 0.10000000000000009
1 3 1.0 0.0
1 3 -1.0 0.0
1 4 1.0 0.0
1 4 -1.0 0.0
1 5 1.0 0.0
1 5 -1.0 0.0
1 6 1.0 0.0
1 6 -1.0 0.0
2 1 -0.1500972552789598 2 -0.45840604229323767 0.015816327653506712
2 1 -0.14421185772398912 2 -0.4493289942355847 0.013582172870372777
2 1 -0.13855722991404976 2 -0.44043168354945295 0.011312295617477097
2 1 -0.13312432323229736 2 -0.4317105516880286 0.009010538549389213
1 1 -0.17906614978818466 0.5746536912790974
2 1 0.12790444386760327 2 0.42316210953961225 -0.006680545369451507
2 1 -0.12790444386760327 2 -0.42316210953961225 0.006680545369451507
20
1 2 -0.35345473525604665 0.07803995286740428
1 1 1.0 0.2999999999999998
1 1 -1.0 -0.20000000000000018
1 2 1.0 0.09999999999999998
1 2 -1.0 0.10000000000000009
1 3 1.0 0.0
1 3 -1.0 0.0
1 4 1.0 0.0
1 4 -1.0 0.0
1 5 1.0 0.0
1 5 -1.0 0.0
1 6 1.0 0.0
1 6 -1.0 0.0
2 1 -0.1500972552789598 2 -0.45840604229323767 0.015816327653506712
2 1 -0.14421185772398912 2 -0.4493289942355847 0.013582172870372777
2 1 -0.13855722991404976 2 -0.44043168354945295 0.011312295617477097
2 1 -0.13312432323229736 2 -0.4317105516880286 0.009010538549389213
1 1 -0.17906614978818466 0.5746536912790974
2 1 0.12790444386760327 2 0.42316210953961225 -0.006680545369451507
2 1 -0.12790444386760327 2 -0.42316210953961225 0.006680545369451507
20
1 2 -0.3464558637090663 0.0962959838859615
1 1 1.0 0.2999999999999998
1 1 -1.0 -0.20000000000000018
1 2 1.0 0.09999999999999998
1 2 -1.0 0.10000000000000009
1 3 1.0 0.0
1 3 -1.0 0.0
1 4 1.0 0.0
1 4 -1.0 0.0
1 5 1.0 0.0
1 5 -1.0 0.0
1 6 1.0 0.0
1 6 -1.0 0.0
2 1 -0.1500972552789598 2 -0.45840604229323767 0.015816327653506712
2 1 -0.14421185772398912 2 -0.4493289942355847 0.013582172870372777
2 1 -0.13855722991404976 2 -0.44043168354945295 0.011312295617477097
2 1 -0.13312432323229736 2 -0.4317105516880286 0.009010538549389213
1 1 -0.17906614978818466 0.5746536912790974
2 1 0.12790444386760327 2 0.42316210953961225 -0.006680545369451507
2 1 -0.12790444386760327 2 -0.42316210953961225 0.006680545369451507
20
1 2 -0.33959557808699187 0.11419052221578568
1 1 1.0 0.2999999999999998
1 1 -1.0 -0.20000000000000018
1 2 1.0 0.09999999999999998
1 2 -1.0 0.10000000000000009
1 3 1.0 0.0
1 3 -1.0 0.0
1 4 1.0 0.0
1 4 -1.0 0.0
1 5 1.0 0.0
1 5 -1.0 0.0
1 6 1.0 0.0
1 6 -1.0 0.0
2 1 -0.1500972552789598 2 -0.45840604229323767 0.015816327653506712
2 1 -0.14421185772398912 2 -0.4493289942355847 0.013582172870372777
2 1 -0.13855722991404976 2 -0.44043168354945295 0.011312295617477097
2 1 -0.13312432323229736 2 -0.4317105516880286 0.009010538549389213
1 1 -0.17906614978818466 0.5746536912790974
2 1 0.12790444386760327 2 0.42316210953961225 -0.006680545369451507
2 1 -0.12790444386760327 2 -0.42316210953961225 0.006680545369451507
20
1 2 -0.33287113435183874 0.13173072579231215
1 1 1.0 0.2999999999999998
1 1 -1.0 -0.20000000000000018
1 2 1.0 0.09999999999999998
1 2 -1.0 0.10000000000000009
1 3 1.0 0.0
1 3 -1.0 0.0
1 4 1.0 0.0
1 4 -1.0 0.0
1 5 1.0 0.0
1 5 -1.0 0.0
1 6 1.0 0.0
1 6 -1.0 0.0
2 1 -0.1500972552789598 2 -0.45840604229323767 0.015816327653506712
2 1 -0.14421185772398912 2 -0.4493289942355847 0.013582172870372777
2 1 -0.13855722991404976 2 -0.44043168354945295 0.011312295617477097
2 1 -0.13312432323229736 2 -0.4317105516880286 0.009010538549389213
1 1 -0.17906614978818466 0.5746536912790974
2 1 0.12790444386760327 2 0.42316210953961225 -0.006680545369451507
2 1 -0.12790444386760327 2 -0.42316210953961225 0.006680545369451507
20
1 2 -0.326279841865441 0.14892361164569107
1 1 1.0 0.2999999999999998
1 1 -1.0 -0.20000000000000018
1 2 1.0 0.09999999999999998
1 2 -1.0 0.10000000000000009
1 3 1.0 0.0
1 3 -1.0 0.0
1 4 1.0 0.0
1 4 -1.0 0.0
1 5 1.0 0.0
1 5 -1.0 0.0
1 6 1.0 0.0
1 6 -1.0 0.0
2 1 -0.1500972552789598 2 -0.45840604229323767 0.015816327653506712
2 1 -0.14421185772398912 2 -0.4493289942355847 0.013582172870372777
2 1 -0.13855722991404976 2 -0.44043168354945295 0.011312295617477097
2 1 -0.13312432323229736 2 -0.4317105516880286 0.009010538549389213
1 1 -0.17906614978818466 0.5746536912790974
2 1 0.12790444386760327 2 0.42316210953961225 -0.006680545369451507
2 1 -0.12790444386760327 2 -0.42316210953961225 0.006680545369451507
20
1 2 -0.3198190678491775 0.16577605351383434
1 1 1.0 0.2999999999999998
1 1 -1.0 -0.20000000000000018
1 2 1.0 0.09999999999999998
1 2 -1.0 0.10000000000000009
1 3 1.0 0.0
1 3 -1.0 0.0
1 4 1.0 0.0
1 4 -1.0 0.0
1 5 1.0 0.0
1 5 -1.0 0.0
1 6 1.0 0.0
1 6 -1.0 0.0
2 1 -0.1500972552789598 2 -0.45840604229323767 0.015816327653506712
2 1 -0.14421185772398912 2 -0.4493289942355847 0.013582172870372777
2 1 -0.13855722991404976 2 -0.44043168354945295 0.011312295617477097
2 1 -0.13312432323229736 2 -0.4317105516880286 0.009010538549389213
1 1 -0.17906614978818466 0.5746536912790974
2 1 0.12790444386760327 2 0.42316210953961225 -0.006680545369451507
2 1 -0.12790444386760327 2 -0.42316210953961225 0.006680545369451507
20
1 2 -0.3134862172392026 0.18229480205216497
1 1 1.0 0.2999999999999998
1 1 -1.0 -0.20000000000000018
1 2 1.0 0.09999999999999998
1 2 -1.0 0.10000000000000009
1 3 1.0 0.0
1 3 -1.0 0.0
1 4 1.0 0.0
1 4 -1.0 0.0
1 5 1.0 0.0
1 5 -1.0 0.0
1 6 1.0 0.0
1 6 -1.0 0.0
2 1 -0.1500972552789598 2 -0.45840604229323767 0.015816327653506712
2 1 -0.14421185772398912 2 -0.4493289942355847 0.013582172870372777
2 1 -0.13855722991404976 2 -0.44043168354945295 0.011312295617477097
2 1 -0.13312432323229736 2 -0.4317105516880286 0.009010538549389213
1 1 -0.17906614978818466 0.5746536912790974
2 1 0.12790444386760327 2 0.42316210953961225 -0.006680545369451507
2 1 -0.12790444386760327 2 -0.42316210953961225 0.006680545369451507
20
1 2 -0.3072787913899438 0.19848643340273442
1 1 1.0 0.2999999999999998
1 1 -1.0 -0.20000000000000018
1 2 1.0 0.09999999999999998
1 2 -1.0 0.10000000000000009
1 3 1.0 0.0
1 3 -1.0 0.0
1 4 1.0 0.0
1 4 -1.0 0.0
1 5 1.0 0.0
1 5 -1.0 0.0
1 6 1.0 0.0
1 6 -1.0 0.0
2 1 -0.1500972552789598 2 -0.45840604229323767 0.015816327653506712
2 1 -0.14421185772398912 2 -0.4493289942355847 0.013582172870372777
2 1 -0.13855722991404976 2 -0.44043168354945295 0.011312295617477097
2 1 -0.13312432323229736 2 -0.4317105516880286 0.009010538549389213
1 1 -0.17906614978818466 0.5746536912790974
2 1 0.12790444386760327 2 0.42316210953961225 -0.006680545369451507
2 1 -0.12790444386760327 2 -0.42316210953961225 0.006680545369451507
