6
84
13
1 2 -0.9801986536617449 0.28613907142184547
1 1 1.0 0.3
1 1 -1.0 -0.2
1 2 1.0 0.1
1 2 -1.0 0.1
1 3 1.0 0.0
1 3 -1.0 0.0
1 4 1.0 0.0
1 4 -1.0 0.0
1 5 1.0 0.0
1 5 -1.0 0.0
1 6 1.0 0.0
1 6 -1.0 0.0
13
1 2 -0.9607894630285329 0.27255260750245125
1 1 1.0 0.3
1 1 -1.0 -0.2
1 2 1.0 0.1
1 2 -1.0 0.1
1 3 1.0 0.0
1 3 -1.0 0.0
1 4 1.0 0.0
1 4 -1.0 0.0
1 5 1.0 0.0
1 5 -1.0 0.0
1 6 1.0 0.0
1 6 -1.0 0.0
13
1 2 -0.9417645371634565 0.2592351737380212
1 1 1.0 0.3
1 1 -1.0 -0.2
1 2 1.0 0.1
1 2 -1.0 0.1
1 3 1.0 0.0
1 3 -1.0 0.0
1 4 1.0 0.0
1 4 -1.0 0.0
1 5 1.0 0.0
1 5 -1.0 0.0
1 6 1.0 0.0
1 6 -1.0 0.0
13
1 2 -0.9231163926238688 0.24618144268289388
1 1 1.0 0.3
1 1 -1.0 -0.2
1 2 1.0 0.1
1 2 -1.0 0.1
1 3 1.0 0.0
1 3 -1.0 0.0
1 4 1.0 0.0
1 4 -1.0 0.0
1 5 1.0 0.0
1 5 -1.0 0.0
1 6 1.0 0.0
1 6 -1.0 0.0
13
1 2 -0.9048374666031507 0.23338619282953527
1 1 1.0 0.3
1 1 -1.0 -0.2
1 2 1.0 0.1
1 2 -1.0 0.1
1 3 1.0 0.0
1 3 -1.0 0.0
1 4 1.0 0.0
1 4 -1.0 0.0
1 5 1.0 0.0
1 5 -1.0 0.0
1 6 1.0 0.0
1 6 -1.0 0.0
13
1 2 -0.8869204869732707 0.2208443059022677
1 1 1.0 0.3
1 1 -1.0 -0.2
1 2 1.0 0.1
1 2 -1.0 0.1
1 3 1.0 0.0
1 3 -1.0 0.0
1 4 1.0 0.0
1 4 -1.0 0.0
1 5 1.0 0.0
1 5 -1.0 0.0
1 6 1.0 0.0
1 6 -1.0 0.0
13
1 2 -0.8693582645011286 0.20855076520218951
1 1 1.0 0.3
1 1 -1.0 -0.2
1 2 1.0 0.1
1 2 -1.0 0.1
1 3 1.0 0.0
1 3 -1.0 0.0
1 4 1.0 0.0
1 4 -1.0 0.0
1 5 1.0 0.0
1 5 -1.0 0.0
1 6 1.0 0.0
1 6 -1.0 0.0
13
1 2 -0.8521438594508333 0.19650065267066213
1 1 1.0 0.3
1 1 -1.0 -0.2
1 2 1.0 0.1
1 2 -1.0 0.1
1 3 1.0 0.0
1 3 -1.0 0.0
1 4 1.0 0.0
1 4 -1.0 0.0
1 5 1.0 0.0
1 5 -1.0 0.0
1 6 1.0 0.0
1 6 -1.0 0.0
13
1 2 -0.8352702836286425 0.18468914837284667
1 1 1.0 0.3
1 1 -1.0 -0.2
1 2 1.0 0.1
1 2 -1.0 0.1
1 3 1.0 0.0
1 3 -1.0 0.0
1 4 1.0 0.0
1 4 -1.0 0.0
1 5 1.0 0.0
1 5 -1.0 0.0
1 6 1.0 0.0
1 6 -1.0 0.0
13
1 2 -0.8187308265525 0.17311152751972156
1 1 1.0 0.3
1 1 -1.0 -0.2
1 2 1.0 0.1
1 2 -1.0 0.1
1 3 1.0 0.0
1 3 -1.0 0.0
1 4 1.0 0.0
1 4 -1.0 0.0
1 5 1.0 0.0
1 5 -1.0 0.0
1 6 1.0 0.0
1 6 -1.0 0.0
13
1 2 -0.802518870265728 0.16176315894436255
1 1 1.0 0.3
1 1 -1.0 -0.2
1 2 1.0 0.1
1 2 -1.0 0.1
1 3 1.0 0.0
1 3 -1.0 0.0
1 4 1.0 0.0
1 4 -1.0 0.0
1 5 1.0 0.0
1 5 -1.0 0.0
1 6 1.0 0.0
1 6 -1.0 0.0
13
1 2 -0.7866279301660364 0.15063950310646385
1 1 1.0 0.3
1 1 -1.0 -0.2
1 2 1.0 0.1
1 2 -1.0 0.1
1 3 1.0 0.0
1 3 -1.0 0.0
1 4 1.0 0.0
1 4 -1.0 0.0
1 5 1.0 0.0
1 5 -1.0 0.0
1 6 1.0 0.0
1 6 -1.0 0.0
13
1 2 -0.7710516478434796 0.13973611041623446
1 1 1.0 0.3
1 1 -1.0 -0.2
1 2 1.0 0.1
1 2 -1.0 0.1
1 3 1.0 0.0
1 3 -1.0 0.0
1 4 1.0 0.0
1 4 -1.0 0.0
1 5 1.0 0.0
1 5 -1.0 0.0
1 6 1.0 0.0
1 6 -1.0 0.0
13
1 2 -0.7557838016195049 0.1290486193658255
1 1 1.0 0.3
1 1 -1.0 -0.2
1 2 1.0 0.1
1 2 -1.0 0.1
1 3 1.0 0.0
1 3 -1.0 0.0
1 4 1.0 0.0
1 4 -1.0 0.0
1 5 1.0 0.0
1 5 -1.0 0.0
1 6 1.0 0.0
1 6 -1.0 0.0
13
1 2 -0.7408182589416294 0.11857275554196955
1 1 1.0 0.3
1 1 -1.0 -0.2
1 2 1.0 0.1
1 2 -1.0 0.1
1 3 1.0 0.0
1 3 -1.0 0.0
1 4 1.0 0.0
1 4 -1.0 0.0
1 5 1.0 0.0
1 5 -1.0 0.0
1 6 1.0 0.0
1 6 -1.0 0.0
13
1 2 -0.7261491151092283 0.10830432704125698
1 1 1.0 0.3
1 1 -1.0 -0.2
1 2 1.0 0.1
1 2 -1.0 0.1
1 3 1.0 0.0
1 3 -1.0 0.0
1 4 1.0 0.0
1 4 -1.0 0.0
1 5 1.0 0.0
1 5 -1.0 0.0
1 6 1.0 0.0
1 6 -1.0 0.0
13
1 2 -0.7117704021240727 0.09823922695206588
1 1 1.0 0.3
1 1 -1.0 -0.2
1 2 1.0 0.1
1 2 -1.0 0.1
1 3 1.0 0.0
1 3 -1.0 0.0
1 4 1.0 0.0
1 4 -1.0 0.0
1 5 1.0 0.0
1 5 -1.0 0.0
1 6 1.0 0.0
1 6 -1.0 0.0
13
1 2 -0.697676406589534 0.08837342924482794
1 1 1.0 0.3
1 1 -1.0 -0.2
1 2 1.0 0.1
1 2 -1.0 0.1
1 3 1.0 0.0
1 3 -1.0 0.0
1 4 1.0 0.0
1 4 -1.0 0.0
1 5 1.0 0.0
1 5 -1.0 0.0
1 6 1.0 0.0
1 6 -1.0 0.0
13
1 2 -0.6838614886680451 0.07870298740340187
1 1 1.0 0.3
1 1 -1.0 -0.2
1 2 1.0 0.1
1 2 -1.0 0.1
1 3 1.0 0.0
1 3 -1.0 0.0
1 4 1.0 0.0
1 4 -1.0 0.0
1 5 1.0 0.0
1 5 -1.0 0.0
1 6 1.0 0.0
1 6 -1.0 0.0
13
1 2 -0.67032012256097 0.06922403315821585
1 1 1.0 0.3
1 1 -1.0 -0.2
1 2 1.0 0.1
1 2 -1.0 0.1
1 3 1.0 0.0
1 3 -1.0 0.0
1 4 1.0 0.0
1 4 -1.0 0.0
1 5 1.0 0.0
1 5 -1.0 0.0
1 6 1.0 0.0
1 6 -1.0 0.0
13
1 2 -0.6570468897677565 0.059932774810506934
1 1 1.0 0.3
1 1 -1.0 -0.2
1 2 1.0 0.1
1 2 -1.0 0.1
1 3 1.0 0.0
1 3 -1.0 0.0
1 4 1.0 0.0
1 4 -1.0 0.0
1 5 1.0 0.0
1 5 -1.0 0.0
1 6 1.0 0.0
1 6 -1.0 0.0
13
1 2 -0.6440364883190782 0.050825495684499705
1 1 1.0 0.3
1 1 -1.0 -0.2
1 2 1.0 0.1
1 2 -1.0 0.1
1 3 1.0 0.0
1 3 -1.0 0.0
1 4 1.0 0.0
1 4 -1.0 0.0
1 5 1.0 0.0
1 5 -1.0 0.0
1 6 1.0 0.0
1 6 -1.0 0.0
13
1 2 -0.6312837109351012 0.041898552764342845
1 1 1.0 0.3
1 1 -1.0 -0.2
1 2 1.0 0.1
1 2 -1.0 0.1
1 3 1.0 0.0
1 3 -1.0 0.0
1 4 1.0 0.0
1 4 -1.0 0.0
1 5 1.0 0.0
1 5 -1.0 0.0
1 6 1.0 0.0
1 6 -1.0 0.0
13
1 2 -0.6187834556078358 0.03314837515708852
1 1 1.0 0.3
1 1 -1.0 -0.2
1 2 1.0 0.1
1 2 -1.0 0.1
1 3 1.0 0.0
1 3 -1.0 0.0
1 4 1.0 0.0
1 4 -1.0 0.0
1 5 1.0 0.0
1 5 -1.0 0.0
1 6 1.0 0.0
1 6 -1.0 0.0
13
1 2 -0.6065307219788358 0.02457146267507887
1 1 1.0 0.3
1 1 -1.0 -0.2
1 2 1.0 0.1
1 2 -1.0 0.1
1 3 1.0 0.0
1 3 -1.0 0.0
1 4 1.0 0.0
1 4 -1.0 0.0
1 5 1.0 0.0
1 5 -1.0 0.0
1 6 1.0 0.0
1 6 -1.0 0.0
13
1 2 -0.5945206084337283 0.016164384439131985
1 1 1.0 0.3
1 1 -1.0 -0.2
1 2 1.0 0.1
1 2 -1.0 0.1
1 3 1.0 0.0
1 3 -1.0 0.0
1 4 1.0 0.0
1 4 -1.0 0.0
1 5 1.0 0.0
1 5 -1.0 0.0
1 6 1.0 0.0
1 6 -1.0 0.0
13
1 2 -0.5827483101756469 0.007923777505941199
1 1 1.0 0.3
1 1 -1.0 -0.2
1 2 1.0 0.1
1 2 -1.0 0.1
1 3 1.0 0.0
1 3 -1.0 0.0
1 4 1.0 0.0
1 4 -1.0 0.0
1 5 1.0 0.0
1 5 -1.0 0.0
1 6 1.0 0.0
1 6 -1.0 0.0
13
1 2 -0.5712091130778405 -0.00015365447712295532
1 1 1.0 0.3
1 1 -1.0 -0.2
1 2 1.0 0.1
1 2 -1.0 0.1
1 3 1.0 0.0
1 3 -1.0 0.0
1 4 1.0 0.0
1 4 -1.0 0.0
1 5 1.0 0.0
1 5 -1.0 0.0
1 6 1.0 0.0
1 6 -1.0 0.0
13
1 2 -0.5598984024409613 -0.008071142590565739
1 1 1.0 0.3
1 1 -1.0 -0.2
1 2 1.0 0.1
1 2 -1.0 0.1
1 3 1.0 0.0
1 3 -1.0 0.0
1 4 1.0 0.0
1 4 -1.0 0.0
1 5 1.0 0.0
1 5 -1.0 0.0
1 6 1.0 0.0
1 6 -1.0 0.0
13
1 2 -0.5488116575816466 -0.015831853933469642
1 1 1.0 0.3
1 1 -1.0 -0.2
1 2 1.0 0.1
1 2 -1.0 0.1
1 3 1.0 0.0
1 3 -1.0 0.0
1 4 1.0 0.0
1 4 -1.0 0.0
1 5 1.0 0.0
1 5 -1.0 0.0
1 6 1.0 0.0
1 6 -1.0 0.0
13
1 2 -0.5379444373219013 -0.023438892132187972
1 1 1.0 0.3
1 1 -1.0 -0.2
1 2 1.0 0.1
1 2 -1.0 0.1
1 3 1.0 0.0
1 3 -1.0 0.0
1 4 1.0 0.0
1 4 -1.0 0.0
1 5 1.0 0.0
1 5 -1.0 0.0
1 6 1.0 0.0
1 6 -1.0 0.0
13
1 2 -0.5272924617619565 -0.03089530150824582
1 1 1.0 0.3
1 1 -1.0 -0.2
1 2 1.0 0.1
1 2 -1.0 0.1
1 3 1.0 0.0
1 3 -1.0 0.0
1 4 1.0 0.0
1 4 -1.0 0.0
1 5 1.0 0.0
1 5 -1.0 0.0
1 6 1.0 0.0
1 6 -1.0 0.0
13
1 2 -0.5168513738149388 -0.038204064269817484
1 1 1.0 0.3
1 1 -1.0 -0.2
1 2 1.0 0.1
1 2 -1.0 0.1
1 3 1.0 0.0
1 3 -1.0 0.0
1 4 1.0 0.0
1 4 -1.0 0.0
1 5 1.0 0.0
1 5 -1.0 0.0
1 6 1.0 0.0
1 6 -1.0 0.0
13
1 2 -0.5066170333751288 -0.04536810391704671
1 1 1.0 0.3
1 1 -1.0 -0.2
1 2 1.0 0.1
1 2 -1.0 0.1
1 3 1.0 0.0
1 3 -1.0 0.0
1 4 1.0 0.0
1 4 -1.0 0.0
1 5 1.0 0.0
1 5 -1.0 0.0
1 6 1.0 0.0
1 6 -1.0 0.0
21
1 2 -0.3605949734041011 0.035314917259128
1 1 1.0 0.2999999999999998
1 1 -1.0 -0.20000000000000018
1 2 1.0 0.09999999999999998
1 2 -1.0 0.10000000000000009
1 3 1.0 0.0
1 3 -1.0 0.0
1 4 1.0 0.0
1 4 -1.0 0.0
1 5 1.0 0.0
1 5 -1.0 0.0
1 6 1.0 0.0
1 6 -1.0 0.0
2 1 -0.1500972552789598 2 -0.45840604229323767 0.015816327653506712
2 1 -0.14421185772398912 2 -0.4493289942355847 0.013582172870372777
2 1 -0.13855722991404976 2 -0.44043168354945295 0.011312295617477097
2 1 -0.13312432323229736 2 -0.4317105516880286 0.009010538549389213
2 1 -0.12790444386760327 2 -0.42316210953961225 0.006680545369451507
1 1 -0.17204486569518646 0.5795685902406503
2 1 0.12288923893795195 2 0.41478293602123223 -0.004325769423348114
2 1 -0.12288923893795195 2 -0.41478293602123223 0.004325769423348114
21
1 2 -0.3534547319354809 0.054416944570506665
1 1 1.0 0.2999999999999998
1 1 -1.0 -0.20000000000000018
1 2 1.0 0.09999999999999998
1 2 -1.0 0.10000000000000009
1 3 1.0 0.0
1 3 -1.0 0.0
1 4 1.0 0.0
1 4 -1.0 0.0
1 5 1.0 0.0
1 5 -1.0 0.0
1 6 1.0 0.0
1 6 -1.0 0.0
2 1 -0.1500972552789598 2 -0.45840604229323767 0.015816327653506712
2 1 -0.14421185772398912 2 -0.4493289942355847 0.013582172870372777
2 1 -0.13855722991404976 2 -0.44043168354945295 0.011312295617477097
2 1 -0.13312432323229736 2 -0.4317105516880286 0.009010538549389213
2 1 -0.12790444386760327 2 -0.42316210953961225 0.006680545369451507
1 1 -0.17204486569518646 0.5795685902406503
2 1 0.12288923893795195 2 0.41478293602123223 -0.004325769423348114
2 1 -0.12288923893795195 2 -0.41478293602123223 0.004325769423348114
21
1 2 -0.34645586061477573 0.07314074228664197
1 1 1.0 0.2999999999999998
1 1 -1.0 -0.20000000000000018
1 2 1.0 0.09999999999999998
1 2 -1.0 0.10000000000000009
1 3 1.0 0.0
1 3 -1.0 0.0
1 4 1.0 0.0
1 4 -1.0 0.0
1 5 1.0 0.0
1 5 -1.0 0.0
1 6 1.0 0.0
1 6 -1.0 0.0
2 1 -0.1500972552789598 2 -0.45840604229323767 0.015816327653506712
2 1 -0.14421185772398912 2 -0.4493289942355847 0.013582172870372777
2 1 -0.13855722991404976 2 -0.44043168354945295 0.011312295617477097
2 1 -0.13312432323229736 2 -0.4317105516880286 0.009010538549389213
2 1 -0.12790444386760327 2 -0.42316210953961225 0.006680545369451507
1 1 -0.17204486569518646 0.5795685902406503
2 1 0.12288923893795195 2 0.41478293602123223 -0.004325769423348114
2 1 -0.12288923893795195 2 -0.41478293602123223 0.004325769423348114
21
1 2 -0.3395955760485362 0.09149378415868659
1 1 1.0 0.2999999999999998
1 1 -1.0 -0.20000000000000018
1 2 1.0 0.09999999999999998
1 2 -1.0 0.10000000000000009
1 3 1.0 0.0
1 3 -1.0 0.0
1 4 1.0 0.0
1 4 -1.0 0.0
1 5 1.0 0.0
1 5 -1.0 0.0
1 6 1.0 0.0
1 6 -1.0 0.0
2 1 -0.1500972552789598 2 -0.45840604229323767 0.015816327653506712
2 1 -0.14421185772398912 2 -0.4493289942355847 0.013582172870372777
2 1 -0.13855722991404976 2 -0.44043168354945295 0.011312295617477097
2 1 -0.13312432323229736 2 -0.4317105516880286 0.009010538549389213
2 1 -0.12790444386760327 2 -0.42316210953961225 0.006680545369451507
1 1 -0.17204486569518646 0.5795685902406503
2 1 0.12288923893795195 2 0.41478293602123223 -0.004325769423348114
2 1 -0.12288923893795195 2 -0.41478293602123223 0.004325769423348114
21
1 2 -0.332871133221261 0.10948341241249326
1 1 1.0 0.2999999999999998
1 1 -1.0 -0.20000000000000018
1 2 1.0 0.09999999999999998
1 2 -1.0 0.10000000000000009
1 3 1.0 0.0
1 3 -1.0 0.0
1 4 1.0 0.0
1 4 -1.0 0.0
1 5 1.0 0.0
1 5 -1.0 0.0
1 6 1.0 0.0
1 6 -1.0 0.0
2 1 -0.1500972552789598 2 -0.45840604229323767 0.015816327653506712
2 1 -0.14421185772398912 2 -0.4493289942355847 0.013582172870372777
2 1 -0.13855722991404976 2 -0.44043168354945295 0.011312295617477097
2 1 -0.13312432323229736 2 -0.4317105516880286 0.009010538549389213
2 1 -0.12790444386760327 2 -0.42316210953961225 0.006680545369451507
1 1 -0.17204486569518646 0.5795685902406503
2 1 0.12288923893795195 2 0.41478293602123223 -0.004325769423348114
2 1 -0.12288923893795195 2 -0.41478293602123223 0.004325769423348114
21
1 2 -0.3262798424305734 0.12711682301840954
1 1 1.0 0.2999999999999998
1 1 -1.0 -0.20000000000000018
1 2 1.0 0.09999999999999998
1 2 -1.0 0.10000000000000009
1 3 1.0 0.0
1 3 -1.0 0.0
1 4 1.0 0.0
1 4 -1.0 0.0
1 5 1.0 0.0
1 5 -1.0 0.0
1 6 1.0 0.0
1 6 -1.0 0.0
2 1 -0.1500972552789598 2 -0.45840604229323767 0.015816327653506712
2 1 -0.14421185772398912 2 -0.4493289942355847 0.013582172870372777
2 1 -0.13855722991404976 2 -0.44043168354945295 0.011312295617477097
2 1 -0.13312432323229736 2 -0.4317105516880286 0.009010538549389213
2 1 -0.12790444386760327 2 -0.42316210953961225 0.006680545369451507
1 1 -0.17204486569518646 0.5795685902406503
2 1 0.12288923893795195 2 0.41478293602123223 -0.004325769423348114
2 1 -0.12288923893795195 2 -0.41478293602123223 0.004325769423348114
21
1 2 -0.3198190663165277 0.14440107030132732
1 1 1.0 0.2999999999999998
1 1 -1.0 -0.20000000000000018
1 2 1.0 0.09999999999999998
1 2 -1.0 0.10000000000000009
1 3 1.0 0.0
1 3 -1.0 0.0
1 4 1.0 0.0
1 4 -1.0 0.0
1 5 1.0 0.0
1 5 -1.0 0.0
1 6 1.0 0.0
1 6 -1.0 0.0
2 1 -0.1500972552789598 2 -0.45840604229323767 0.015816327653506712
2 1 -0.14421185772398912 2 -0.4493289942355847 0.013582172870372777
2 1 -0.13855722991404976 2 -0.44043168354945295 0.011312295617477097
2 1 -0.13312432323229736 2 -0.4317105516880286 0.009010538549389213
2 1 -0.12790444386760327 2 -0.42316210953961225 0.006680545369451507
1 1 -0.17204486569518646 0.5795685902406503
2 1 0.12288923893795195 2 0.41478293602123223 -0.004325769423348114
2 1 -0.12288923893795195 2 -0.41478293602123223 0.004325769423348114
21
1 2 -0.31348622423302674 0.16134306449191282
1 1 1.0 0.2999999999999998
1 1 -1.0 -0.20000000000000018
1 2 1.0 0.09999999999999998
1 2 -1.0 0.10000000000000009
1 3 1.0 0.0
1 3 -1.0 0.0
1 4 1.0 0.0
1 4 -1.0 0.0
1 5 1.0 0.0
1 5 -1.0 0.0
1 6 1.0 0.0
1 6 -1.0 0.0
2 1 -0.1500972552789598 2 -0.45840604229323767 0.015816327653506712
2 1 -0.14421185772398912 2 -0.4493289942355847 0.013582172870372777
2 1 -0.13855722991404976 2 -0.44043168354945295 0.011312295617477097
2 1 -0.13312432323229736 2 -0.4317105516880286 0.009010538549389213
2 1 -0.12790444386760327 2 -0.42316210953961225 0.006680545369451507
1 1 -0.17204486569518646 0.5795685902406503
2 1 0.12288923893795195 2 0.41478293602123223 -0.004325769423348114
2 1 -0.12288923893795195 2 -0.41478293602123223 0.004325769423348114
21
1 2 -0.3072787725019465 0.17794959221558188
1 1 1.0 0.2999999999999998
1 1 -1.0 -0.20000000000000018
1 2 1.0 0.09999999999999998
1 2 -1.0 0.10000000000000009
1 3 1.0 0.0
1 3 -1.0 0.0
1 4 1.0 0.0
1 4 -1.0 0.0
1 5 1.0 0.0
1 5 -1.0 0.0
1 6 1.0 0.0
1 6 -1.0 0.0
2 1 -0.1500972552789598 2 -0.45840604229323767 0.015816327653506712
2 1 -0.14421185772398912 2 -0.4493289942355847 0.013582172870372777
2 1 -0.13855722991404976 2 -0.44043168354945295 0.011312295617477097
2 1 -0.13312432323229736 2 -0.4317105516880286 0.009010538549389213
2 1 -0.12790444386760327 2 -0.42316210953961225 0.006680545369451507
1 1 -0.17204486569518646 0.5795685902406503
2 1 0.12288923893795195 2 0.41478293602123223 -0.004325769423348114
2 1 -0.12288923893795195 2 -0.41478293602123223 0.004325769423348114
21
1 2 -0.30119426195422544 0.19422726424793185
1 1 1.0 0.2999999999999998
1 1 -1.0 -0.20000000000000018
1 2 1.0 0.09999999999999998
1 2 -1.0 0.10000000000000009
1 3 1.0 0.0
1 3 -1.0 0.0
1 4 1.0 0.0
1 4 -1.0 0.0
1 5 1.0 0.0
1 5 -1.0 0.0
1 6 1.0 0.0
1 6 -1.0 0.0
2 1 -0.1500972552789598 2 -0.45840604229323767 0.015816327653506712
2 1 -0.14421185772398912 2 -0.4493289942355847 0.013582172870372777
2 1 -0.13855722991404976 2 -0.44043168354945295 0.011312295617477097
2 1 -0.13312432323229736 2 -0.4317105516880286 0.009010538549389213
2 1 -0.12790444386760327 2 -0.42316210953961225 0.006680545369451507
1 1 -0.17204486569518646 0.5795685902406503
2 1 0.12288923893795195 2 0.41478293602123223 -0.004325769423348114
2 1 -0.12288923893795195 2 -0.41478293602123223 0.004325769423348114
24
1 2 -0.2952302100581747 0.21018263539985776
1 1 1.0 0.2999999999999998
1 1 -1.0 -0.20000000000000018
1 2 1.0 0.09999999999999998
1 2 -1.0 0.10000000000000009
1 3 1.0 -3.552713678800501e-15
1 3 -1.0 3.552713678800501e-15
1 4 1.0 0.0
1 4 -1.0 0.0
1 5 1.0 8.526512829121202e-14
1 5 -1.0 -8.526512829121202e-14
1 6 1.0 0.0
1 6 -1.0 0.0
2 1 -0.1500972552789598 2 -0.45840604229323767 0.015816327653506712
2 1 -0.14421185772398912 2 -0.4493289942355847 0.013582172870372777
2 1 -0.13855722991404976 2 -0.44043168354945295 0.011312295617477097
2 1 -0.13312432323229736 2 -0.4317105516880286 0.009010538549389213
2 1 -0.12790444386760327 2 -0.42316210953961225 0.006680545369451507
1 1 -0.17204486569518646 0.5795685902406503
2 1 0.12288923893795195 2 0.41478293602123223 -0.004325769423348114
2 1 -0.12288923893795195 2 -0.41478293602123223 0.004325769423348114
1 1 -0.09071795458216378 -0.025293168380959408
1 1 0.09071795458216378 0.025293168380959408
2 1 0.06479856490667543 2 0.30119426195422544 0.12383929182223014
24
1 2 -0.28938427321027554 0.22582206251126025
1 1 1.0 0.2999999999999998
1 1 -1.0 -0.20000000000000018
1 2 1.0 0.09999999999999998
1 2 -1.0 0.10000000000000009
1 3 1.0 -3.552713678800501e-15
1 3 -1.0 3.552713678800501e-15
1 4 1.0 0.0
1 4 -1.0 0.0
1 5 1.0 8.526512829121202e-14
1 5 -1.0 -8.526512829121202e-14
1 6 1.0 0.0
1 6 -1.0 0.0
2 1 -0.1500972552789598 2 -0.45840604229323767 0.015816327653506712
2 1 -0.14421185772398912 2 -0.4493289942355847 0.013582172870372777
2 1 -0.13855722991404976 2 -0.44043168354945295 0.011312295617477097
2 1 -0.13312432323229736 2 -0.4317105516880286 0.009010538549389213
2 1 -0.12790444386760327 2 -0.42316210953961225 0.006680545369451507
1 1 -0.17204486569518646 0.5795685902406503
2 1 0.12288923893795195 2 0.41478293602123223 -0.004325769423348114
2 1 -0.12288923893795195 2 -0.41478293602123223 0.004325769423348114
1 1 -0.09071795458216378 -0.025293168380959408
1 1 0.09071795458216378 0.025293168380959408
2 1 0.06479856490667543 2 0.30119426195422544 0.12383929182223014
24
1 2 -0.28365407470561 0.24115181473191982
1 1 1.0 0.2999999999999998
1 1 -1.0 -0.20000000000000018
1 2 1.0 0.09999999999999998
1 2 -1.0 0.10000000000000009
1 3 1.0 -3.552713678800501e-15
1 3 -1.0 3.552713678800501e-15
1 4 1.0 0.0
1 4 -1.0 0.0
1 5 1.0 8.526512829121202e-14
1 5 -1.0 -8.526512829121202e-14
1 6 1.0 0.0
1 6 -1.0 0.0
2 1 -0.1500972552789598 2 -0.45840604229323767 0.015816327653506712
2 1 -0.14421185772398912 2 -0.4493289942355847 0.013582172870372777
2 1 -0.13855722991404976 2 -0.44043168354945295 0.011312295617477097
2 1 -0.13312432323229736 2 -0.4317105516880286 0.009010538549389213
2 1 -0.12790444386760327 2 -0.42316210953961225 0.006680545369451507
1 1 -0.17204486569518646 0.5795685902406503
2 1 0.12288923893795195 2 0.41478293602123223 -0.004325769423348114
2 1 -0.12288923893795195 2 -0.41478293602123223 0.004325769423348114
1 1 -0.09071795458216378 -0.025293168380959408
1 1 0.09071795458216378 0.025293168380959408
2 1 0.06479856490667543 2 0.30119426195422544 0.12383929182223014
24
1 2 -0.27803736057419315 0.2561780110516992
1 1 1.0 0.2999999999999998
1 1 -1.0 -0.20000000000000018
1 2 1.0 0.09999999999999998
1 2 -1.0 0.10000000000000009
1 3 1.0 -3.552713678800501e-15
1 3 -1.0 3.552713678800501e-15
1 4 1.0 0.0
1 4 -1.0 0.0
1 5 1.0 8.526512829121202e-14
1 5 -1.0 -8.526512829121202e-14
1 6 1.0 0.0
1 6 -1.0 0.0
2 1 -0.1500972552789598 2 -0.45840604229323767 0.015816327653506712
2 1 -0.14421185772398912 2 -0.4493289942355847 0.013582172870372777
2 1 -0.13855722991404976 2 -0.44043168354945295 0.011312295617477097
2 1 -0.13312432323229736 2 -0.4317105516880286 0.009010538549389213
2 1 -0.12790444386760327 2 -0.42316210953961225 0.006680545369451507
1 1 -0.17204486569518646 0.5795685902406503
2 1 0.12288923893795195 2 0.41478293602123223 -0.004325769423348114
2 1 -0.12288923893795195 2 -0.41478293602123223 0.004325769423348114
1 1 -0.09071795458216378 -0.025293168380959408
1 1 0.09071795458216378 0.025293168380959408
2 1 0.06479856490667543 2 0.30119426195422544 0.12383929182223014
24
1 2 -0.27253185294206705 0.2709066729168789
1 1 1.0 0.2999999999999998
1 1 -1.0 -0.20000000000000018
1 2 1.0 0.09999999999999998
1 2 -1.0 0.10000000000000009
1 3 1.0 -3.552713678800501e-15
1 3 -1.0 3.552713678800501e-15
1 4 1.0 0.0
1 4 -1.0 0.0
1 5 1.0 8.526512829121202e-14
1 5 -1.0 -8.526512829121202e-14
1 6 1.0 0.0
1 6 -1.0 0.0
2 1 -0.1500972552789598 2 -0.45840604229323767 0.015816327653506712
2 1 -0.14421185772398912 2 -0.4493289942355847 0.013582172870372777
2 1 -0.13855722991404976 2 -0.44043168354945295 0.011312295617477097
2 1 -0.13312432323229736 2 -0.4317105516880286 0.009010538549389213
2 1 -0.12790444386760327 2 -0.42316210953961225 0.006680545369451507
1 1 -0.17204486569518646 0.5795685902406503
2 1 0.12288923893795195 2 0.41478293602123223 -0.004325769423348114
2 1 -0.12288923893795195 2 -0.41478293602123223 0.004325769423348114
1 1 -0.09071795458216378 -0.025293168380959408
1 1 0.09071795458216378 0.025293168380959408
2 1 0.06479856490667543 2 0.30119426195422544 0.12383929182223014
24
1 2 -0.2671353614859965 0.285343687796013
1 1 1.0 0.2999999999999998
1 1 -1.0 -0.20000000000000018
1 2 1.0 0.09999999999999998
1 2 -1.0 0.10000000000000009
1 3 1.0 -3.552713678800501e-15
1 3 -1.0 3.552713678800501e-15
1 4 1.0 0.0
1 4 -1.0 0.0
1 5 1.0 8.526512829121202e-14
1 5 -1.0 -8.526512829121202e-14
1 6 1.0 0.0
1 6 -1.0 0.0
2 1 -0.1500972552789598 2 -0.45840604229323767 0.015816327653506712
2 1 -0.14421185772398912 2 -0.4493289942355847 0.013582172870372777
2 1 -0.13855722991404976 2 -0.44043168354945295 0.011312295617477097
2 1 -0.13312432323229736 2 -0.4317105516880286 0.009010538549389213
2 1 -0.12790444386760327 2 -0.42316210953961225 0.006680545369451507
1 1 -0.17204486569518646 0.5795685902406503
2 1 0.12288923893795195 2 0.41478293602123223 -0.004325769423348114
2 1 -0.12288923893795195 2 -0.41478293602123223 0.004325769423348114
1 1 -0.09071795458216378 -0.025293168380959408
1 1 0.09071795458216378 0.025293168380959408
2 1 0.06479856490667543 2 0.30119426195422544 0.12383929182223014
24
1 2 -0.26184572085022373 0.29949483281285605
1 1 1.0 0.2999999999999998
1 1 -1.0 -0.20000000000000018
1 2 1.0 0.09999999999999998
1 2 -1.0 0.10000000000000009
1 3 1.0 -3.552713678800501e-15
1 3 -1.0 3.552713678800501e-15
1 4 1.0 0.0
1 4 -1.0 0.0
1 5 1.0 8.526512829121202e-14
1 5 -1.0 -8.526512829121202e-14
1 6 1.0 0.0
1 6 -1.0 0.0
2 1 -0.1500972552789598 2 -0.45840604229323767 0.015816327653506712
2 1 -0.14421185772398912 2 -0.4493289942355847 0.013582172870372777
2 1 -0.13855722991404976 2 -0.44043168354945295 0.011312295617477097
2 1 -0.13312432323229736 2 -0.4317105516880286 0.009010538549389213
2 1 -0.12790444386760327 2 -0.42316210953961225 0.006680545369451507
1 1 -0.17204486569518646 0.5795685902406503
2 1 0.12288923893795195 2 0.41478293602123223 -0.004325769423348114
2 1 -0.12288923893795195 2 -0.41478293602123223 0.004325769423348114
1 1 -0.09071795458216378 -0.025293168380959408
1 1 0.09071795458216378 0.025293168380959408
2 1 0.06479856490667543 2 0.30119426195422544 0.12383929182223014
24
1 2 -0.25666084082611895 0.31336576006089734
1 1 1.0 0.2999999999999998
1 1 -1.0 -0.20000000000000018
1 2 1.0 0.09999999999999998
1 2 -1.0 0.10000000000000009
1 3 1.0 -3.552713678800501e-15
1 3 -1.0 3.552713678800501e-15
1 4 1.0 0.0
1 4 -1.0 0.0
1 5 1.0 8.526512829121202e-14
1 5 -1.0 -8.526512829121202e-14
1 6 1.0 0.0
1 6 -1.0 0.0
2 1 -0.1500972552789598 2 -0.45840604229323767 0.015816327653506712
2 1 -0.14421185772398912 2 -0.4493289942355847 0.013582172870372777
2 1 -0.13855722991404976 2 -0.44043168354945295 0.011312295617477097
2 1 -0.13312432323229736 2 -0.4317105516880286 0.009010538549389213
2 1 -0.12790444386760327 2 -0.42316210953961225 0.006680545369451507
1 1 -0.17204486569518646 0.5795685902406503
2 1 0.12288923893795195 2 0.41478293602123223 -0.004325769423348114
2 1 -0.12288923893795195 2 -0.41478293602123223 0.004325769423348114
1 1 -0.09071795458216378 -0.025293168380959408
1 1 0.09071795458216378 0.025293168380959408
2 1 0.06479856490667543 2 0.30119426195422544 0.12383929182223014
24
1 2 -0.25157861660982556 0.32696202863534585
1 1 1.0 0.2999999999999998
1 1 -1.0 -0.20000000000000018
1 2 1.0 0.09999999999999998
1 2 -1.0 0.10000000000000009
1 3 1.0 -3.552713678800501e-15
1 3 -1.0 3.552713678800501e-15
1 4 1.0 0.0
1 4 -1.0 0.0
1 5 1.0 8.526512829121202e-14
1 5 -1.0 -8.526512829121202e-14
1 6 1.0 0.0
1 6 -1.0 0.0
2 1 -0.1500972552789598 2 -0.45840604229323767 0.015816327653506712
2 1 -0.14421185772398912 2 -0.4493289942355847 0.013582172870372777
2 1 -0.13855722991404976 2 -0.44043168354945295 0.011312295617477097
2 1 -0.13312432323229736 2 -0.4317105516880286 0.009010538549389213
2 1 -0.12790444386760327 2 -0.42316210953961225 0.006680545369451507
1 1 -0.17204486569518646 0.5795685902406503
2 1 0.12288923893795195 2 0.41478293602123223 -0.004325769423348114
2 1 -0.12288923893795195 2 -0.41478293602123223 0.004325769423348114
1 1 -0.09071795458216378 -0.025293168380959408
1 1 0.09071795458216378 0.025293168380959408
2 1 0.06479856490667543 2 0.30119426195422544 0.12383929182223014
24
1 2 -0.24659702704265318 0.3402890731112685
1 1 1.0 0.2999999999999998
1 1 -1.0 -0.20000000000000018
1 2 1.0 0.09999999999999998
1 2 -1.0 0.10000000000000009
1 3 1.0 -3.552713678800501e-15
1 3 -1.0 3.552713678800501e-15
1 4 1.0 0.0
1 4 -1.0 0.0
1 5 1.0 8.526512829121202e-14
1 5 -1.0 -8.526512829121202e-14
1 6 1.0 0.0
1 6 -1.0 0.0
2 1 -0.1500972552789598 2 -0.45840604229323767 0.015816327653506712
2 1 -0.14421185772398912 2 -0.4493289942355847 0.013582172870372777
2 1 -0.13855722991404976 2 -0.44043168354945295 0.011312295617477097
2 1 -0.13312432323229736 2 -0.4317105516880286 0.009010538549389213
2 1 -0.12790444386760327 2 -0.42316210953961225 0.006680545369451507
1 1 -0.17204486569518646 0.5795685902406503
2 1 0.12288923893795195 2 0.41478293602123223 -0.004325769423348114
2 1 -0.12288923893795195 2 -0.41478293602123223 0.004325769423348114
1 1 -0.09071795458216378 -0.025293168380959408
1 1 0.09071795458216378 0.025293168380959408
2 1 0.06479856490667543 2 0.30119426195422544 0.12383929182223014
24
1 2 -0.24171407883402474 0.3533522246549723
1 1 1.0 0.2999999999999998
1 1 -1.0 -0.20000000000000018
1 2 1.0 0.09999999999999998
1 2 -1.0 0.10000000000000009
1 3 1.0 -3.552713678800501e-15
1 3 -1.0 3.552713678800501e-15
1 4 1.0 0.0
1 4 -1.0 0.0
1 5 1.0 8.526512829121202e-14
1 5 -1.0 -8.526512829121202e-14
1 6 1.0 0.0
1 6 -1.0 0.0
2 1 -0.1500972552789598 2 -0.45840604229323767 0.015816327653506712
2 1 -0.14421185772398912 2 -0.4493289942355847 0.013582172870372777
2 1 -0.13855722991404976 2 -0.44043168354945295 0.011312295617477097
2 1 -0.13312432323229736 2 -0.4317105516880286 0.009010538549389213
2 1 -0.12790444386760327 2 -0.42316210953961225 0.006680545369451507
1 1 -0.17204486569518646 0.5795685902406503
2 1 0.12288923893795195 2 0.41478293602123223 -0.004325769423348114
2 1 -0.12288923893795195 2 -0.41478293602123223 0.004325769423348114
1 1 -0.09071795458216378 -0.025293168380959408
1 1 0.09071795458216378 0.025293168380959408
2 1 0.06479856490667543 2 0.30119426195422544 0.12383929182223014
24
1 2 -0.23692781885893932 0.3661567087008876
1 1 1.0 0.2999999999999998
1 1 -1.0 -0.20000000000000018
1 2 1.0 0.09999999999999998
1 2 -1.0 0.10000000000000009
1 3 1.0 -3.552713678800501e-15
1 3 -1.0 3.552713678800501e-15
1 4 1.0 0.0
1 4 -1.0 0.0
1 5 1.0 8.526512829121202e-14
1 5 -1.0 -8.526512829121202e-14
1 6 1.0 0.0
1 6 -1.0 0.0
2 1 -0.1500972552789598 2 -0.45840604229323767 0.015816327653506712
2 1 -0.14421185772398912 2 -0.4493289942355847 0.013582172870372777
2 1 -0.13855722991404976 2 -0.44043168354945295 0.011312295617477097
2 1 -0.13312432323229736 2 -0.4317105516880286 0.009010538549389213
2 1 -0.12790444386760327 2 -0.42316210953961225 0.006680545369451507
1 1 -0.17204486569518646 0.5795685902406503
2 1 0.12288923893795195 2 0.41478293602123223 -0.004325769423348114
2 1 -0.12288923893795195 2 -0.41478293602123223 0.004325769423348114
1 1 -0.09071795458216378 -0.025293168380959408
1 1 0.09071795458216378 0.025293168380959408
2 1 0.06479856490667543 2 0.30119426195422544 0.12383929182223014
24
1 2 -0.23223633200080618 0.3787076473852204
1 1 1.0 0.2999999999999998
1 1 -1.0 -0.20000000000000018
1 2 1.0 0.09999999999999998
1 2 -1.0 0.10000000000000009
1 3 1.0 -3.552713678800501e-15
1 3 -1.0 3.552713678800501e-15
1 4 1.0 0.0
1 4 -1.0 0.0
1 5 1.0 8.526512829121202e-14
1 5 -1.0 -8.526512829121202e-14
1 6 1.0 0.0
1 6 -1.0 0.0
2 1 -0.1500972552789598 2 -0.45840604229323767 0.015816327653506712
2 1 -0.14421185772398912 2 -0.4493289942355847 0.013582172870372777
2 1 -0.13855722991404976 2 -0.44043168354945295 0.011312295617477097
2 1 -0.13312432323229736 2 -0.4317105516880286 0.009010538549389213
2 1 -0.12790444386760327 2 -0.42316210953961225 0.006680545369451507
1 1 -0.17204486569518646 0.5795685902406503
2 1 0.12288923893795195 2 0.41478293602123223 -0.004325769423348114
2 1 -0.12288923893795195 2 -0.41478293602123223 0.004325769423348114
1 1 -0.09071795458216378 -0.025293168380959408
1 1 0.09071795458216378 0.025293168380959408
2 1 0.06479856490667543 2 0.30119426195422544 0.12383929182223014
24
1 2 -0.2276377443257455 0.3910100602997811
1 1 1.0 0.2999999999999998
1 1 -1.0 -0.20000000000000018
1 2 1.0 0.09999999999999998
1 2 -1.0 0.10000000000000009
1 3 1.0 -3.552713678800501e-15
1 3 -1.0 3.552713678800501e-15
1 4 1.0 0.0
1 4 -1.0 0.0
1 5 1.0 8.526512829121202e-14
1 5 -1.0 -8.526512829121202e-14
1 6 1.0 0.0
1 6 -1.0 0.0
2 1 -0.1500972552789598 2 -0.45840604229323767 0.015816327653506712
2 1 -0.14421185772398912 2 -0.4493289942355847 0.013582172870372777
2 1 -0.13855722991404976 2 -0.44043168354945295 0.011312295617477097
2 1 -0.13312432323229736 2 -0.4317105516880286 0.009010538549389213
2 1 -0.12790444386760327 2 -0.42316210953961225 0.006680545369451507
1 1 -0.17204486569518646 0.5795685902406503
2 1 0.12288923893795195 2 0.41478293602123223 -0.004325769423348114
2 1 -0.12288923893795195 2 -0.41478293602123223 0.004325769423348114
1 1 -0.09071795458216378 -0.025293168380959408
1 1 0.09071795458216378 0.025293168380959408
2 1 0.06479856490667543 2 0.30119426195422544 0.12383929182223014
24
1 2 -0.22313020874413836 0.4030688705146902
1 1 1.0 0.2999999999999998
1 1 -1.0 -0.20000000000000018
1 2 1.0 0.09999999999999998
1 2 -1.0 0.10000000000000009
1 3 1.0 -3.552713678800501e-15
1 3 -1.0 3.552713678800501e-15
1 4 1.0 0.0
1 4 -1.0 0.0
1 5 1.0 8.526512829121202e-14
1 5 -1.0 -8.526512829121202e-14
1 6 1.0 0.0
1 6 -1.0 0.0
2 1 -0.1500972552789598 2 -0.45840604229323767 0.015816327653506712
2 1 -0.14421185772398912 2 -0.4493289942355847 0.013582172870372777
2 1 -0.13855722991404976 2 -0.44043168354945295 0.011312295617477097
2 1 -0.13312432323229736 2 -0.4317105516880286 0.009010538549389213
2 1 -0.12790444386760327 2 -0.42316210953961225 0.006680545369451507
1 1 -0.17204486569518646 0.5795685902406503
2 1 0.12288923893795195 2 0.41478293602123223 -0.004325769423348114
2 1 -0.12288923893795195 2 -0.41478293602123223 0.004325769423348114
1 1 -0.09071795458216378 -0.025293168380959408
1 1 0.09071795458216378 0.025293168380959408
2 1 0.06479856490667543 2 0.30119426195422544 0.12383929182223014
24
1 2 -0.2187119467940379 0.41488889448969646
1 1 1.0 0.2999999999999998
1 1 -1.0 -0.20000000000000018
1 2 1.0 0.09999999999999998
1 2 -1.0 0.10000000000000009
1 3 1.0 -3.552713678800501e-15
1 3 -1.0 3.552713678800501e-15
1 4 1.0 0.0
1 4 -1.0 0.0
1 5 1.0 8.526512829121202e-14
1 5 -1.0 -8.526512829121202e-14
1 6 1.0 0.0
1 6 -1.0 0.0
2 1 -0.1500972552789598 2 -0.45840604229323767 0.015816327653506712
2 1 -0.14421185772398912 2 -0.4493289942355847 0.013582172870372777
2 1 -0.13855722991404976 2 -0.44043168354945295 0.011312295617477097
2 1 -0.13312432323229736 2 -0.4317105516880286 0.009010538549389213
2 1 -0.12790444386760327 2 -0.42316210953961225 0.006680545369451507
1 1 -0.17204486569518646 0.5795685902406503
2 1 0.12288923893795195 2 0.41478293602123223 -0.004325769423348114
2 1 -0.12288923893795195 2 -0.41478293602123223 0.004325769423348114
1 1 -0.09071795458216378 -0.025293168380959408
1 1 0.09071795458216378 0.025293168380959408
2 1 0.06479856490667543 2 0.30119426195422544 0.12383929182223014
24
1 2 -0.21438116094862233 0.4264748703879212
1 1 1.0 0.2999999999999998
1 1 -1.0 -0.20000000000000018
1 2 1.0 0.09999999999999998
1 2 -1.0 0.10000000000000009
1 3 1.0 -3.552713678800501e-15
1 3 -1.0 3.552713678800501e-15
1 4 1.0 0.0
1 4 -1.0 0.0
1 5 1.0 8.526512829121202e-14
1 5 -1.0 -8.526512829121202e-14
1 6 1.0 0.0
1 6 -1.0 0.0
2 1 -0.1500972552789598 2 -0.45840604229323767 0.015816327653506712
2 1 -0.14421185772398912 2 -0.4493289942355847 0.013582172870372777
2 1 -0.13855722991404976 2 -0.44043168354945295 0.011312295617477097
2 1 -0.13312432323229736 2 -0.4317105516880286 0.009010538549389213
2 1 -0.12790444386760327 2 -0.42316210953961225 0.006680545369451507
1 1 -0.17204486569518646 0.5795685902406503
2 1 0.12288923893795195 2 0.41478293602123223 -0.004325769423348114
2 1 -0.12288923893795195 2 -0.41478293602123223 0.004325769423348114
1 1 -0.09071795458216378 -0.025293168380959408
1 1 0.09071795458216378 0.025293168380959408
2 1 0.06479856490667543 2 0.30119426195422544 0.12383929182223014
24
1 2 -0.2101361303656108 0.43783142856052476
1 1 1.0 0.2999999999999998
1 1 -1.0 -0.20000000000000018
1 2 1.0 0.09999999999999998
1 2 -1.0 0.10000000000000009
1 3 1.0 -3.552713678800501e-15
1 3 -1.0 3.552713678800501e-15
1 4 1.0 0.0
1 4 -1.0 0.0
1 5 1.0 8.526512829121202e-14
1 5 -1.0 -8.526512829121202e-14
1 6 1.0 0.0
1 6 -1.0 0.0
2 1 -0.1500972552789598 2 -0.45840604229323767 0.015816327653506712
2 1 -0.14421185772398912 2 -0.4493289942355847 0.013582172870372777
2 1 -0.13855722991404976 2 -0.44043168354945295 0.011312295617477097
2 1 -0.13312432323229736 2 -0.4317105516880286 0.009010538549389213
2 1 -0.12790444386760327 2 -0.42316210953961225 0.006680545369451507
1 1 -0.17204486569518646 0.5795685902406503
2 1 0.12288923893795195 2 0.41478293602123223 -0.004325769423348114
2 1 -0.12288923893795195 2 -0.41478293602123223 0.004325769423348114
1 1 -0.09071795458216378 -0.025293168380959408
1 1 0.09071795458216378 0.025293168380959408
2 1 0.06479856490667543 2 0.30119426195422544 0.12383929182223014
24
1 2 -0.20597515635828975 0.448963112064697
1 1 1.0 0.2999999999999998
1 1 -1.0 -0.20000000000000018
1 2 1.0 0.09999999999999998
1 2 -1.0 0.10000000000000009
1 3 1.0 -3.552713678800501e-15
1 3 -1.0 3.552713678800501e-15
1 4 1.0 0.0
1 4 -1.0 0.0
1 5 1.0 8.526512829121202e-14
1 5 -1.0 -8.526512829121202e-14
1 6 1.0 0.0
1 6 -1.0 0.0
2 1 -0.1500972552789598 2 -0.45840604229323767 0.015816327653506712
2 1 -0.14421185772398912 2 -0.4493289942355847 0.013582172870372777
2 1 -0.13855722991404976 2 -0.44043168354945295 0.011312295617477097
2 1 -0.13312432323229736 2 -0.4317105516880286 0.009010538549389213
2 1 -0.12790444386760327 2 -0.42316210953961225 0.006680545369451507
1 1 -0.17204486569518646 0.5795685902406503
2 1 0.12288923893795195 2 0.41478293602123223 -0.004325769423348114
2 1 -0.12288923893795195 2 -0.41478293602123223 0.004325769423348114
1 1 -0.09071795458216378 -0.025293168380959408
1 1 0.09071795458216378 0.025293168380959408
2 1 0.06479856490667543 2 0.30119426195422544 0.12383929182223014
24
1 2 -0.2018965745878173 0.45987437364884876
1 1 1.0 0.2999999999999998
1 1 -1.0 -0.20000000000000018
1 2 1.0 0.09999999999999998
1 2 -1.0 0.10000000000000009
1 3 1.0 -3.552713678800501e-15
1 3 -1.0 3.552713678800501e-15
1 4 1.0 0.0
1 4 -1.0 0.0
1 5 1.0 8.526512829121202e-14
1 5 -1.0 -8.526512829121202e-14
1 6 1.0 0.0
1 6 -1.0 0.0
2 1 -0.1500972552789598 2 -0.45840604229323767 0.015816327653506712
2 1 -0.14421185772398912 2 -0.4493289942355847 0.013582172870372777
2 1 -0.13855722991404976 2 -0.44043168354945295 0.011312295617477097
2 1 -0.13312432323229736 2 -0.4317105516880286 0.009010538549389213
2 1 -0.12790444386760327 2 -0.42316210953961225 0.006680545369451507
1 1 -0.17204486569518646 0.5795685902406503
2 1 0.12288923893795195 2 0.41478293602123223 -0.004325769423348114
2 1 -0.12288923893795195 2 -0.41478293602123223 0.004325769423348114
1 1 -0.09071795458216378 -0.025293168380959408
1 1 0.09071795458216378 0.025293168380959408
2 1 0.06479856490667543 2 0.30119426195422544 0.12383929182223014
24
1 2 -0.19789875303291873 0.4705695781413698
1 1 1.0 0.2999999999999998
1 1 -1.0 -0.20000000000000018
1 2 1.0 0.09999999999999998
1 2 -1.0 0.10000000000000009
1 3 1.0 -3.552713678800501e-15
1 3 -1.0 3.552713678800501e-15
1 4 1.0 0.0
1 4 -1.0 0.0
1 5 1.0 8.526512829121202e-14
1 5 -1.0 -8.526512829121202e-14
1 6 1.0 0.0
1 6 -1.0 0.0
2 1 -0.1500972552789598 2 -0.45840604229323767 0.015816327653506712
2 1 -0.14421185772398912 2 -0.4493289942355847 0.013582172870372777
2 1 -0.13855722991404976 2 -0.44043168354945295 0.011312295617477097
2 1 -0.13312432323229736 2 -0.4317105516880286 0.009010538549389213
2 1 -0.12790444386760327 2 -0.42316210953961225 0.006680545369451507
1 1 -0.17204486569518646 0.5795685902406503
2 1 0.12288923893795195 2 0.41478293602123223 -0.004325769423348114
2 1 -0.12288923893795195 2 -0.41478293602123223 0.004325769423348114
1 1 -0.09071795458216378 -0.025293168380959408
1 1 0.09071795458216378 0.025293168380959408
2 1 0.06479856490667543 2 0.30119426195422544 0.12383929182223014
24
1 2 -0.1939800947708559 0.4810530030218365
1 1 1.0 0.2999999999999998
1 1 -1.0 -0.20000000000000018
1 2 1.0 0.09999999999999998
1 2 -1.0 0.10000000000000009
1 3 1.0 -3.552713678800501e-15
1 3 -1.0 3.552713678800501e-15
1 4 1.0 0.0
1 4 -1.0 0.0
1 5 1.0 8.526512829121202e-14
1 5 -1.0 -8.526512829121202e-14
1 6 1.0 0.0
1 6 -1.0 0.0
2 1 -0.1500972552789598 2 -0.45840604229323767 0.015816327653506712
2 1 -0.14421185772398912 2 -0.4493289942355847 0.013582172870372777
2 1 -0.13855722991404976 2 -0.44043168354945295 0.011312295617477097
2 1 -0.13312432323229736 2 -0.4317105516880286 0.009010538549389213
2 1 -0.12790444386760327 2 -0.42316210953961225 0.006680545369451507
1 1 -0.17204486569518646 0.5795685902406503
2 1 0.12288923893795195 2 0.41478293602123223 -0.004325769423348114
2 1 -0.12288923893795195 2 -0.41478293602123223 0.004325769423348114
1 1 -0.09071795458216378 -0.025293168380959408
1 1 0.09071795458216378 0.025293168380959408
2 1 0.06479856490667543 2 0.30119426195422544 0.12383929182223014
24
1 2 -0.19013903139882238 0.49132884209433375
1 1 1.0 0.2999999999999998
1 1 -1.0 -0.20000000000000018
1 2 1.0 0.09999999999999998
1 2 -1.0 0.10000000000000009
1 3 1.0 -3.552713678800501e-15
1 3 -1.0 3.552713678800501e-15
1 4 1.0 0.0
1 4 -1.0 0.0
1 5 1.0 8.526512829121202e-14
1 5 -1.0 -8.526512829121202e-14
1 6 1.0 0.0
1 6 -1.0 0.0
2 1 -0.1500972552789598 2 -0.45840604229323767 0.015816327653506712
2 1 -0.14421185772398912 2 -0.4493289942355847 0.013582172870372777
2 1 -0.13855722991404976 2 -0.44043168354945295 0.011312295617477097
2 1 -0.13312432323229736 2 -0.4317105516880286 0.009010538549389213
2 1 -0.12790444386760327 2 -0.42316210953961225 0.006680545369451507
1 1 -0.17204486569518646 0.5795685902406503
2 1 0.12288923893795195 2 0.41478293602123223 -0.004325769423348114
2 1 -0.12288923893795195 2 -0.41478293602123223 0.004325769423348114
1 1 -0.09071795458216378 -0.025293168380959408
1 1 0.09071795458216378 0.025293168380959408
2 1 0.06479856490667543 2 0.30119426195422544 0.12383929182223014
24
1 2 -0.18637402622128732 0.5014012059051521
1 1 1.0 0.2999999999999998
1 1 -1.0 -0.20000000000000018
1 2 1.0 0.09999999999999998
1 2 -1.0 0.10000000000000009
1 3 1.0 -3.552713678800501e-15
1 3 -1.0 3.552713678800501e-15
1 4 1.0 0.0
1 4 -1.0 0.0
1 5 1.0 8.526512829121202e-14
1 5 -1.0 -8.526512829121202e-14
1 6 1.0 0.0
1 6 -1.0 0.0
2 1 -0.1500972552789598 2 -0.45840604229323767 0.015816327653506712
2 1 -0.14421185772398912 2 -0.4493289942355847 0.013582172870372777
2 1 -0.13855722991404976 2 -0.44043168354945295 0.011312295617477097
2 1 -0.13312432323229736 2 -0.4317105516880286 0.009010538549389213
2 1 -0.12790444386760327 2 -0.42316210953961225 0.006680545369451507
1 1 -0.17204486569518646 0.5795685902406503
2 1 0.12288923893795195 2 0.41478293602123223 -0.004325769423348114
2 1 -0.12288923893795195 2 -0.41478293602123223 0.004325769423348114
1 1 -0.09071795458216378 -0.025293168380959408
1 1 0.09071795458216378 0.025293168380959408
2 1 0.06479856490667543 2 0.30119426195422544 0.12383929182223014
24
1 2 -0.18268357315897896 0.5112741235435426
1 1 1.0 0.2999999999999998
1 1 -1.0 -0.20000000000000018
1 2 1.0 0.09999999999999998
1 2 -1.0 0.10000000000000009
1 3 1.0 -3.552713678800501e-15
1 3 -1.0 3.552713678800501e-15
1 4 1.0 0.0
1 4 -1.0 0.0
1 5 1.0 8.526512829121202e-14
1 5 -1.0 -8.526512829121202e-14
1 6 1.0 0.0
1 6 -1.0 0.0
2 1 -0.1500972552789598 2 -0.45840604229323767 0.015816327653506712
2 1 -0.14421185772398912 2 -0.4493289942355847 0.013582172870372777
2 1 -0.13855722991404976 2 -0.44043168354945295 0.011312295617477097
2 1 -0.13312432323229736 2 -0.4317105516880286 0.009010538549389213
2 1 -0.12790444386760327 2 -0.42316210953961225 0.006680545369451507
1 1 -0.17204486569518646 0.5795685902406503
2 1 0.12288923893795195 2 0.41478293602123223 -0.004325769423348114
2 1 -0.12288923893795195 2 -0.41478293602123223 0.004325769423348114
1 1 -0.09071795458216378 -0.025293168380959408
1 1 0.09071795458216378 0.025293168380959408
2 1 0.06479856490667543 2 0.30119426195422544 0.12383929182223014
24
1 2 -0.17906619587377387 0.5209515443458484
1 1 1.0 0.2999999999999998
1 1 -1.0 -0.20000000000000018
1 2 1.0 0.09999999999999998
1 2 -1.0 0.10000000000000009
1 3 1.0 -3.552713678800501e-15
1 3 -1.0 3.552713678800501e-15
1 4 1.0 0.0
1 4 -1.0 0.0
1 5 1.0 8.526512829121202e-14
1 5 -1.0 -8.526512829121202e-14
1 6 1.0 0.0
1 6 -1.0 0.0
2 1 -0.1500972552789598 2 -0.45840604229323767 0.015816327653506712
2 1 -0.14421185772398912 2 -0.4493289942355847 0.013582172870372777
2 1 -0.13855722991404976 2 -0.44043168354945295 0.011312295617477097
2 1 -0.13312432323229736 2 -0.4317105516880286 0.009010538549389213
2 1 -0.12790444386760327 2 -0.42316210953961225 0.006680545369451507
1 1 -0.17204486569518646 0.5795685902406503
2 1 0.12288923893795195 2 0.41478293602123223 -0.004325769423348114
2 1 -0.12288923893795195 2 -0.41478293602123223 0.004325769423348114
1 1 -0.09071795458216378 -0.025293168380959408
1 1 0.09071795458216378 0.025293168380959408
2 1 0.06479856490667543 2 0.30119426195422544 0.12383929182223014
24
1 2 -0.175520447188426 0.5304373394718859
1 1 1.0 0.2999999999999998
1 1 -1.0 -0.20000000000000018
1 2 1.0 0.09999999999999998
1 2 -1.0 0.10000000000000009
1 3 1.0 -3.552713678800501e-15
1 3 -1.0 3.552713678800501e-15
1 4 1.0 0.0
1 4 -1.0 0.0
1 5 1.0 8.526512829121202e-14
1 5 -1.0 -8.526512829121202e-14
1 6 1.0 0.0
1 6 -1.0 0.0
2 1 -0.1500972552789598 2 -0.45840604229323767 0.015816327653506712
2 1 -0.14421185772398912 2 -0.4493289942355847 0.013582172870372777
2 1 -0.13855722991404976 2 -0.44043168354945295 0.011312295617477097
2 1 -0.13312432323229736 2 -0.4317105516880286 0.009010538549389213
2 1 -0.12790444386760327 2 -0.42316210953961225 0.006680545369451507
1 1 -0.17204486569518646 0.5795685902406503
2 1 0.12288923893795195 2 0.41478293602123223 -0.004325769423348114
2 1 -0.12288923893795195 2 -0.41478293602123223 0.004325769423348114
1 1 -0.09071795458216378 -0.025293168380959408
1 1 0.09071795458216378 0.025293168380959408
2 1 0.06479856490667543 2 0.30119426195422544 0.12383929182223014
24
1 2 -0.17204490723500787 0.5397353039003672
1 1 1.0 0.2999999999999998
1 1 -1.0 -0.20000000000000018
1 2 1.0 0.09999999999999998
1 2 -1.0 0.10000000000000009
1 3 1.0 -3.552713678800501e-15
1 3 -1.0 3.552713678800501e-15
1 4 1.0 0.0
1 4 -1.0 0.0
1 5 1.0 8.526512829121202e-14
1 5 -1.0 -8.526512829121202e-14
1 6 1.0 0.0
1 6 -1.0 0.0
2 1 -0.1500972552789598 2 -0.45840604229323767 0.015816327653506712
2 1 -0.14421185772398912 2 -0.4493289942355847 0.013582172870372777
2 1 -0.13855722991404976 2 -0.44043168354945295 0.011312295617477097
2 1 -0.13312432323229736 2 -0.4317105516880286 0.009010538549389213
2 1 -0.12790444386760327 2 -0.42316210953961225 0.006680545369451507
1 1 -0.17204486569518646 0.5795685902406503
2 1 0.12288923893795195 2 0.41478293602123223 -0.004325769423348114
2 1 -0.12288923893795195 2 -0.41478293602123223 0.004325769423348114
1 1 -0.09071795458216378 -0.025293168380959408
1 1 0.09071795458216378 0.025293168380959408
2 1 0.06479856490667543 2 0.30119426195422544 0.12383929182223014
24
1 2 -0.16863818609255524 0.5488491568211729
1 1 1.0 0.2999999999999998
1 1 -1.0 -0.20000000000000018
1 2 1.0 0.09999999999999998
1 2 -1.0 0.10000000000000009
1 3 1.0 -3.552713678800501e-15
1 3 -1.0 3.552713678800501e-15
1 4 1.0 0.0
1 4 -1.0 0.0
1 5 1.0 8.526512829121202e-14
1 5 -1.0 -8.526512829121202e-14
1 6 1.0 0.0
1 6 -1.0 0.0
2 1 -0.1500972552789598 2 -0.45840604229323767 0.015816327653506712
2 1 -0.14421185772398912 2 -0.4493289942355847 0.013582172870372777
2 1 -0.13855722991404976 2 -0.44043168354945295 0.011312295617477097
2 1 -0.13312432323229736 2 -0.4317105516880286 0.009010538549389213
2 1 -0.12790444386760327 2 -0.42316210953961225 0.006680545369451507
1 1 -0.17204486569518646 0.5795685902406503
2 1 0.12288923893795195 2 0.41478293602123223 -0.004325769423348114
2 1 -0.12288923893795195 2 -0.41478293602123223 0.004325769423348114
1 1 -0.09071795458216378 -0.025293168380959408
1 1 0.09071795458216378 0.025293168380959408
2 1 0.06479856490667543 2 0.30119426195422544 0.12383929182223014
24
1 2 -0.16529892215717915 0.5577825434984316
1 1 1.0 0.2999999999999998
1 1 -1.0 -0.20000000000000018
1 2 1.0 0.09999999999999998
1 2 -1.0 0.10000000000000009
1 3 1.0 -3.552713678800501e-15
1 3 -1.0 3.552713678800501e-15
1 4 1.0 0.0
1 4 -1.0 0.0
1 5 1.0 8.526512829121202e-14
1 5 -1.0 -8.526512829121202e-14
1 6 1.0 0.0
1 6 -1.0 0.0
2 1 -0.1500972552789598 2 -0.45840604229323767 0.015816327653506712
2 1 -0.14421185772398912 2 -0.4493289942355847 0.013582172870372777
2 1 -0.13855722991404976 2 -0.44043168354945295 0.011312295617477097
2 1 -0.13312432323229736 2 -0.4317105516880286 0.009010538549389213
2 1 -0.12790444386760327 2 -0.42316210953961225 0.006680545369451507
1 1 -0.17204486569518646 0.5795685902406503
2 1 0.12288923893795195 2 0.41478293602123223 -0.004325769423348114
2 1 -0.12288923893795195 2 -0.41478293602123223 0.004325769423348114
1 1 -0.09071795458216378 -0.025293168380959408
1 1 0.09071795458216378 0.025293168380959408
2 1 0.06479856490667543 2 0.30119426195422544 0.12383929182223014
24
1 2 -0.16202577777155117 0.5665390373140434
1 1 1.0 0.2999999999999998
1 1 -1.0 -0.20000000000000018
1 2 1.0 0.09999999999999998
1 2 -1.0 0.10000000000000009
1 3 1.0 -3.552713678800501e-15
1 3 -1.0 3.552713678800501e-15
1 4 1.0 0.0
1 4 -1.0 0.0
1 5 1.0 8.526512829121202e-14
1 5 -1.0 -8.526512829121202e-14
1 6 1.0 0.0
1 6 -1.0 0.0
2 1 -0.1500972552789598 2 -0.45840604229323767 0.015816327653506712
2 1 -0.14421185772398912 2 -0.4493289942355847 0.013582172870372777
2 1 -0.13855722991404976 2 -0.44043168354945295 0.011312295617477097
2 1 -0.13312432323229736 2 -0.4317105516880286 0.009010538549389213
2 1 -0.12790444386760327 2 -0.42316210953961225 0.006680545369451507
1 1 -0.17204486569518646 0.5795685902406503
2 1 0.12288923893795195 2 0.41478293602123223 -0.004325769423348114
2 1 -0.12288923893795195 2 -0.41478293602123223 0.004325769423348114
1 1 -0.09071795458216378 -0.025293168380959408
1 1 0.09071795458216378 0.025293168380959408
2 1 0.06479856490667543 2 0.30119426195422544 0.12383929182223014
24
1 2 -0.15881746385441914 0.5751221352862409
1 1 1.0 0.2999999999999998
1 1 -1.0 -0.20000000000000018
1 2 1.0 0.09999999999999998
1 2 -1.0 0.10000000000000009
1 3 1.0 -3.552713678800501e-15
1 3 -1.0 3.552713678800501e-15
1 4 1.0 0.0
1 4 -1.0 0.0
1 5 1.0 8.526512829121202e-14
1 5 -1.0 -8.526512829121202e-14
1 6 1.0 0.0
1 6 -1.0 0.0
2 1 -0.1500972552789598 2 -0.45840604229323767 0.015816327653506712
2 1 -0.14421185772398912 2 -0.4493289942355847 0.013582172870372777
2 1 -0.13855722991404976 2 -0.44043168354945295 0.011312295617477097
2 1 -0.13312432323229736 2 -0.4317105516880286 0.009010538549389213
2 1 -0.12790444386760327 2 -0.42316210953961225 0.006680545369451507
1 1 -0.17204486569518646 0.5795685902406503
2 1 0.12288923893795195 2 0.41478293602123223 -0.004325769423348114
2 1 -0.12288923893795195 2 -0.41478293602123223 0.004325769423348114
1 1 -0.09071795458216378 -0.025293168380959408
1 1 0.09071795458216378 0.025293168380959408
2 1 0.06479856490667543 2 0.30119426195422544 0.12383929182223014
24
1 2 -0.155672668076218 0.5835352804841966
1 1 1.0 0.2999999999999998
1 1 -1.0 -0.20000000000000018
1 2 1.0 0.09999999999999998
1 2 -1.0 0.10000000000000009
1 3 1.0 -3.552713678800501e-15
1 3 -1.0 3.552713678800501e-15
1 4 1.0 0.0
1 4 -1.0 0.0
1 5 1.0 8.526512829121202e-14
1 5 -1.0 -8.526512829121202e-14
1 6 1.0 0.0
1 6 -1.0 0.0
2 1 -0.1500972552789598 2 -0.45840604229323767 0.015816327653506712
2 1 -0.14421185772398912 2 -0.4493289942355847 0.013582172870372777
2 1 -0.13855722991404976 2 -0.44043168354945295 0.011312295617477097
2 1 -0.13312432323229736 2 -0.4317105516880286 0.009010538549389213
2 1 -0.12790444386760327 2 -0.42316210953961225 0.006680545369451507
1 1 -0.17204486569518646 0.5795685902406503
2 1 0.12288923893795195 2 0.41478293602123223 -0.004325769423348114
2 1 -0.12288923893795195 2 -0.41478293602123223 0.004325769423348114
1 1 -0.09071795458216378 -0.025293168380959408
1 1 0.09071795458216378 0.025293168380959408
2 1 0.06479856490667543 2 0.30119426195422544 0.12383929182223014
24
1 2 -0.1525901434608611 0.5917818343183625
1 1 1.0 0.2999999999999998
1 1 -1.0 -0.20000000000000018
1 2 1.0 0.09999999999999998
1 2 -1.0 0.10000000000000009
1 3 1.0 -3.552713678800501e-15
1 3 -1.0 3.552713678800501e-15
1 4 1.0 0.0
1 4 -1.0 0.0
1 5 1.0 8.526512829121202e-14
1 5 -1.0 -8.526512829121202e-14
1 6 1.0 0.0
1 6 -1.0 0.0
2 1 -0.1500972552789598 2 -0.45840604229323767 0.015816327653506712
2 1 -0.14421185772398912 2 -0.4493289942355847 0.013582172870372777
2 1 -0.13855722991404976 2 -0.44043168354945295 0.011312295617477097
2 1 -0.13312432323229736 2 -0.4317105516880286 0.009010538549389213
2 1 -0.12790444386760327 2 -0.42316210953961225 0.006680545369451507
1 1 -0.17204486569518646 0.5795685902406503
2 1 0.12288923893795195 2 0.41478293602123223 -0.004325769423348114
2 1 -0.12288923893795195 2 -0.41478293602123223 0.004325769423348114
1 1 -0.09071795458216378 -0.025293168380959408
1 1 0.09071795458216378 0.025293168380959408
2 1 0.06479856490667543 2 0.30119426195422544 0.12383929182223014
24
1 2 -0.14956865654026133 0.599865095463906
1 1 1.0 0.2999999999999998
1 1 -1.0 -0.20000000000000018
1 2 1.0 0.09999999999999998
1 2 -1.0 0.10000000000000009
1 3 1.0 -3.552713678800501e-15
1 3 -1.0 3.552713678800501e-15
1 4 1.0 0.0
1 4 -1.0 0.0
1 5 1.0 8.526512829121202e-14
1 5 -1.0 -8.526512829121202e-14
1 6 1.0 0.0
1 6 -1.0 0.0
2 1 -0.1500972552789598 2 -0.45840604229323767 0.015816327653506712
2 1 -0.14421185772398912 2 -0.4493289942355847 0.013582172870372777
2 1 -0.13855722991404976 2 -0.44043168354945295 0.011312295617477097
2 1 -0.13312432323229736 2 -0.4317105516880286 0.009010538549389213
2 1 -0.12790444386760327 2 -0.42316210953961225 0.006680545369451507
1 1 -0.17204486569518646 0.5795685902406503
2 1 0.12288923893795195 2 0.41478293602123223 -0.004325769423348114
2 1 -0.12288923893795195 2 -0.41478293602123223 0.004325769423348114
1 1 -0.09071795458216378 -0.025293168380959408
1 1 0.09071795458216378 0.025293168380959408
2 1 0.06479856490667543 2 0.30119426195422544 0.12383929182223014
24
1 2 -0.1466069984007918 0.6077882975486935
1 1 1.0 0.2999999999999998
1 1 -1.0 -0.20000000000000018
1 2 1.0 0.09999999999999998
1 2 -1.0 0.10000000000000009
1 3 1.0 -3.552713678800501e-15
1 3 -1.0 3.552713678800501e-15
1 4 1.0 0.0
1 4 -1.0 0.0
1 5 1.0 8.526512829121202e-14
1 5 -1.0 -8.526512829121202e-14
1 6 1.0 0.0
1 6 -1.0 0.0
2 1 -0.1500972552789598 2 -0.45840604229323767 0.015816327653506712
2 1 -0.14421185772398912 2 -0.4493289942355847 0.013582172870372777
2 1 -0.13855722991404976 2 -0.44043168354945295 0.011312295617477097
2 1 -0.13312432323229736 2 -0.4317105516880286 0.009010538549389213
2 1 -0.12790444386760327 2 -0.42316210953961225 0.006680545369451507
1 1 -0.17204486569518646 0.5795685902406503
2 1 0.12288923893795195 2 0.41478293602123223 -0.004325769423348114
2 1 -0.12288923893795195 2 -0.41478293602123223 0.004325769423348114
1 1 -0.09071795458216378 -0.025293168380959408
1 1 0.09071795458216378 0.025293168380959408
2 1 0.06479856490667543 2 0.30119426195422544 0.12383929182223014
24
1 2 -0.1437039844872375 0.6155546099734354
1 1 1.0 0.2999999999999998
1 1 -1.0 -0.20000000000000018
1 2 1.0 0.09999999999999998
1 2 -1.0 0.10000000000000009
1 3 1.0 -3.552713678800501e-15
1 3 -1.0 3.552713678800501e-15
1 4 1.0 0.0
1 4 -1.0 0.0
1 5 1.0 8.526512829121202e-14
1 5 -1.0 -8.526512829121202e-14
1 6 1.0 0.0
1 6 -1.0 0.0
2 1 -0.1500972552789598 2 -0.45840604229323767 0.015816327653506712
2 1 -0.14421185772398912 2 -0.4493289942355847 0.013582172870372777
2 1 -0.13855722991404976 2 -0.44043168354945295 0.011312295617477097
2 1 -0.13312432323229736 2 -0.4317105516880286 0.009010538549389213
2 1 -0.12790444386760327 2 -0.42316210953961225 0.006680545369451507
1 1 -0.17204486569518646 0.5795685902406503
2 1 0.12288923893795195 2 0.41478293602123223 -0.004325769423348114
2 1 -0.12288923893795195 2 -0.41478293602123223 0.004325769423348114
1 1 -0.09071795458216378 -0.025293168380959408
1 1 0.09071795458216378 0.025293168380959408
2 1 0.06479856490667543 2 0.30119426195422544 0.12383929182223014
24
1 2 -0.14085845395834704 0.6231671390777289
1 1 1.0 0.2999999999999998
1 1 -1.0 -0.20000000000000018
1 2 1.0 0.09999999999999998
1 2 -1.0 0.10000000000000009
1 3 1.0 -3.552713678800501e-15
1 3 -1.0 3.552713678800501e-15
1 4 1.0 0.0
1 4 -1.0 0.0
1 5 1.0 8.526512829121202e-14
1 5 -1.0 -8.526512829121202e-14
1 6 1.0 0.0
1 6 -1.0 0.0
2 1 -0.1500972552789598 2 -0.45840604229323767 0.015816327653506712
2 1 -0.14421185772398912 2 -0.4493289942355847 0.013582172870372777
2 1 -0.13855722991404976 2 -0.44043168354945295 0.011312295617477097
2 1 -0.13312432323229736 2 -0.4317105516880286 0.009010538549389213
2 1 -0.12790444386760327 2 -0.42316210953961225 0.006680545369451507
1 1 -0.17204486569518646 0.5795685902406503
2 1 0.12288923893795195 2 0.41478293602123223 -0.004325769423348114
2 1 -0.12288923893795195 2 -0.41478293602123223 0.004325769423348114
1 1 -0.09071795458216378 -0.025293168380959408
1 1 0.09071795458216378 0.025293168380959408
2 1 0.06479856490667543 2 0.30119426195422544 0.12383929182223014
24
1 2 -0.13806926958386917 0.630628929614381
1 1 1.0 0.2999999999999998
1 1 -1.0 -0.20000000000000018
1 2 1.0 0.09999999999999998
1 2 -1.0 0.10000000000000009
1 3 1.0 -3.552713678800501e-15
1 3 -1.0 3.552713678800501e-15
1 4 1.0 0.0
1 4 -1.0 0.0
1 5 1.0 8.526512829121202e-14
1 5 -1.0 -8.526512829121202e-14
1 6 1.0 0.0
1 6 -1.0 0.0
2 1 -0.1500972552789598 2 -0.45840604229323767 0.015816327653506712
2 1 -0.14421185772398912 2 -0.4493289942355847 0.013582172870372777
2 1 -0.13855722991404976 2 -0.44043168354945295 0.011312295617477097
2 1 -0.13312432323229736 2 -0.4317105516880286 0.009010538549389213
2 1 -0.12790444386760327 2 -0.42316210953961225 0.006680545369451507
1 1 -0.17204486569518646 0.5795685902406503
2 1 0.12288923893795195 2 0.41478293602123223 -0.004325769423348114
2 1 -0.12288923893795195 2 -0.41478293602123223 0.004325769423348114
1 1 -0.09071795458216378 -0.025293168380959408
1 1 0.09071795458216378 0.025293168380959408
2 1 0.06479856490667543 2 0.30119426195422544 0.12383929182223014
24
1 2 -0.13533531479342134 0.6379429668669857
1 1 1.0 0.2999999999999998
1 1 -1.0 -0.20000000000000018
1 2 1.0 0.09999999999999998
1 2 -1.0 0.10000000000000009
1 3 1.0 -3.552713678800501e-15
1 3 -1.0 3.552713678800501e-15
1 4 1.0 0.0
1 4 -1.0 0.0
1 5 1.0 8.526512829121202e-14
1 5 -1.0 -8.526512829121202e-14
1 6 1.0 0.0
1 6 -1.0 0.0
2 1 -0.1500972552789598 2 -0.45840604229323767 0.015816327653506712
2 1 -0.14421185772398912 2 -0.4493289942355847 0.013582172870372777
2 1 -0.13855722991404976 2 -0.44043168354945295 0.011312295617477097
2 1 -0.13312432323229736 2 -0.4317105516880286 0.009010538549389213
2 1 -0.12790444386760327 2 -0.42316210953961225 0.006680545369451507
1 1 -0.17204486569518646 0.5795685902406503
2 1 0.12288923893795195 2 0.41478293602123223 -0.004325769423348114
2 1 -0.12288923893795195 2 -0.41478293602123223 0.004325769423348114
1 1 -0.09071795458216378 -0.025293168380959408
1 1 0.09071795458216378 0.025293168380959408
2 1 0.06479856490667543 2 0.30119426195422544 0.12383929182223014
