4
39
9
2 1 -0.9373384426740606 2 0.20802145704967556 -0.6460158846771265
1 1 1.0 1.0
1 1 -1.0 -0.0
1 2 1.0 1.0
1 2 -1.0 -0.0
1 3 1.0 0.0
1 3 -1.0 -0.0
1 4 1.0 0.0
1 4 -1.0 -0.0
9
2 1 -0.9283442885951491 2 0.2190951789549774 -0.25322422996621263
1 1 1.0 1.0
1 1 -1.0 -0.0
1 2 1.0 1.0
1 2 -1.0 -0.0
1 3 1.0 0.0
1 3 -1.0 -0.0
1 4 1.0 0.0
1 4 -1.0 -0.0
9
2 1 -0.918897115832545 2 0.22954326103129677 0.1356840999989446
1 1 1.0 1.0
1 1 -1.0 -0.0
1 2 1.0 1.0
1 2 -1.0 -0.0
1 3 1.0 0.0
1 3 -1.0 -0.0
1 4 1.0 0.0
1 4 -1.0 -0.0
9
2 1 -0.9090229039890286 2 0.23938123866151031 0.5205238780918346
1 1 1.0 1.0
1 1 -1.0 -0.0
1 2 1.0 1.0
1 2 -1.0 -0.0
1 3 1.0 0.0
1 3 -1.0 -0.0
1 4 1.0 0.0
1 4 -1.0 -0.0
9
2 1 -0.8987470352257187 2 0.2486245365918096 0.9011206568533989
1 1 1.0 1.0
1 1 -1.0 -0.0
1 2 1.0 1.0
1 2 -1.0 -0.0
1 3 1.0 0.0
1 3 -1.0 -0.0
1 4 1.0 0.0
1 4 -1.0 -0.0
9
2 1 -0.88809422517863 2 0.25728849855651836 1.2773105423004338
1 1 1.0 1.0
1 1 -1.0 -0.0
1 2 1.0 1.0
1 2 -1.0 -0.0
1 3 1.0 0.0
1 3 -1.0 -0.0
1 4 1.0 0.0
1 4 -1.0 -0.0
9
2 1 -0.8770885456037522 2 0.2653883692643328 1.648939912755285
1 1 1.0 1.0
1 1 -1.0 -0.0
1 2 1.0 1.0
1 2 -1.0 -0.0
1 3 1.0 0.0
1 3 -1.0 -0.0
1 4 1.0 0.0
1 4 -1.0 -0.0
9
2 1 -0.8657534287312288 2 0.272939282802461 2.0158651471595306
1 1 1.0 1.0
1 1 -1.0 -0.0
1 2 1.0 1.0
1 2 -1.0 -0.0
1 3 1.0 0.0
1 3 -1.0 -0.0
1 4 1.0 0.0
1 4 -1.0 -0.0
9
2 1 -0.8541116720419177 2 0.27995625720026013 2.3779523568323704
1 1 1.0 1.0
1 1 -1.0 -0.0
1 2 1.0 1.0
1 2 -1.0 -0.0
1 3 1.0 0.0
1 3 -1.0 -0.0
1 4 1.0 0.0
1 4 -1.0 -0.0
9
2 1 -0.8421854431028581 2 0.286454183213154 2.7350771205056166
1 1 1.0 1.0
1 1 -1.0 -0.0
1 2 1.0 1.0
1 2 -1.0 -0.0
1 3 1.0 0.0
1 3 -1.0 -0.0
1 4 1.0 0.0
1 4 -1.0 -0.0
17
2 1 -0.8299963049639894 2 0.2924478200791091 2.6661333442457096
1 1 1.0 1.0
1 1 -1.0 0.0
1 2 1.0 1.0
1 2 -1.0 0.0
1 3 1.0 0.0
1 3 -1.0 0.0
1 4 1.0 0.0
1 4 -1.0 0.0
1 3 -1.0 5.714999999999995e-07
1 3 1.0 2.8000000000000003e-05
1 4 -1.0 2.2e-05
1 4 1.0 0.000978
2 1 -0.8421854431028581 2 0.286454183213154 1008.7350771205056
2 1 0.8421854431028581 2 -0.286454183213154 991.2649228794944
2 1 -0.5729085324850244 2 -0.2965583040292779 1003.1562920701859
2 1 0.5729085324850244 2 0.2965583040292779 996.8437079298141
17
2 1 -0.817565143034 2 0.2979517780098138 2.5923700067886966
1 1 1.0 1.0
1 1 -1.0 0.0
1 2 1.0 1.0
1 2 -1.0 0.0
1 3 1.0 0.0
1 3 -1.0 0.0
1 4 1.0 0.0
1 4 -1.0 0.0
1 3 -1.0 5.714999999999995e-07
1 3 1.0 2.8000000000000003e-05
1 4 -1.0 2.2e-05
1 4 1.0 0.000978
2 1 -0.8421854431028581 2 0.286454183213154 1008.7350771205056
2 1 0.8421854431028581 2 -0.286454183213154 991.2649228794944
2 1 -0.5729085324850244 2 -0.2965583040292779 1003.1562920701859
2 1 0.5729085324850244 2 0.2965583040292779 996.8437079298141
17
2 1 -0.8049123112891305 2 0.3029805265254552 2.514040998755952
1 1 1.0 1.0
1 1 -1.0 0.0
1 2 1.0 1.0
1 2 -1.0 0.0
1 3 1.0 0.0
1 3 -1.0 0.0
1 4 1.0 0.0
1 4 -1.0 0.0
1 3 -1.0 5.714999999999995e-07
1 3 1.0 2.8000000000000003e-05
1 4 -1.0 2.2e-05
1 4 1.0 0.000978
2 1 -0.8421854431028581 2 0.286454183213154 1008.7350771205056
2 1 0.8421854431028581 2 -0.286454183213154 991.2649228794944
2 1 -0.5729085324850244 2 -0.2965583040292779 1003.1562920701859
2 1 0.5729085324850244 2 0.2965583040292779 996.8437079298141
17
2 1 -0.7920574752645262 2 0.30754837167118776 2.43139347103177
1 1 1.0 1.0
1 1 -1.0 0.0
1 2 1.0 1.0
1 2 -1.0 0.0
1 3 1.0 0.0
1 3 -1.0 0.0
1 4 1.0 0.0
1 4 -1.0 0.0
1 3 -1.0 5.714999999999995e-07
1 3 1.0 2.8000000000000003e-05
1 4 -1.0 2.2e-05
1 4 1.0 0.000978
2 1 -0.8421854431028581 2 0.286454183213154 1008.7350771205056
2 1 0.8421854431028581 2 -0.286454183213154 991.2649228794944
2 1 -0.5729085324850244 2 -0.2965583040292779 1003.1562920701859
2 1 0.5729085324850244 2 0.2965583040292779 996.8437079298141
17
2 1 -0.7790197637918801 2 0.3116694633592647 2.3446691576150833
1 1 1.0 1.0
1 1 -1.0 0.0
1 2 1.0 1.0
1 2 -1.0 0.0
1 3 1.0 0.0
1 3 -1.0 0.0
1 4 1.0 0.0
1 4 -1.0 0.0
1 3 -1.0 5.714999999999995e-07
1 3 1.0 2.8000000000000003e-05
1 4 -1.0 2.2e-05
1 4 1.0 0.000978
2 1 -0.8421854431028581 2 0.286454183213154 1008.7350771205056
2 1 0.8421854431028581 2 -0.286454183213154 991.2649228794944
2 1 -0.5729085324850244 2 -0.2965583040292779 1003.1562920701859
2 1 0.5729085324850244 2 0.2965583040292779 996.8437079298141
17
2 1 -0.7658176930008399 2 0.3153577814982387 2.2541036552757454
1 1 1.0 1.0
1 1 -1.0 0.0
1 2 1.0 1.0
1 2 -1.0 0.0
1 3 1.0 0.0
1 3 -1.0 0.0
1 4 1.0 0.0
1 4 -1.0 0.0
1 3 -1.0 5.714999999999995e-07
1 3 1.0 2.8000000000000003e-05
1 4 -1.0 2.2e-05
1 4 1.0 0.000978
2 1 -0.8421854431028581 2 0.286454183213154 1008.7350771205056
2 1 0.8421854431028581 2 -0.286454183213154 991.2649228794944
2 1 -0.5729085324850244 2 -0.2965583040292779 1003.1562920701859
2 1 0.5729085324850244 2 0.2965583040292779 996.8437079298141
17
2 1 -0.7524692138347874 2 0.3186271349237317 2.1599268187027327
1 1 1.0 1.0
1 1 -1.0 0.0
1 2 1.0 1.0
1 2 -1.0 0.0
1 3 1.0 0.0
1 3 -1.0 0.0
1 4 1.0 0.0
1 4 -1.0 0.0
1 3 -1.0 5.714999999999995e-07
1 3 1.0 2.8000000000000003e-05
1 4 -1.0 2.2e-05
1 4 1.0 0.000978
2 1 -0.8421854431028581 2 0.286454183213154 1008.7350771205056
2 1 0.8421854431028581 2 -0.286454183213154 991.2649228794944
2 1 -0.5729085324850244 2 -0.2965583040292779 1003.1562920701859
2 1 0.5729085324850244 2 0.2965583040292779 996.8437079298141
17
2 1 -0.738991637241479 2 0.3214911471525826 2.062362048075812
1 1 1.0 1.0
1 1 -1.0 0.0
1 2 1.0 1.0
1 2 -1.0 0.0
1 3 1.0 0.0
1 3 -1.0 0.0
1 4 1.0 0.0
1 4 -1.0 0.0
1 3 -1.0 5.714999999999995e-07
1 3 1.0 2.8000000000000003e-05
1 4 -1.0 2.2e-05
1 4 1.0 0.000978
2 1 -0.8421854431028581 2 0.286454183213154 1008.7350771205056
2 1 0.8421854431028581 2 -0.286454183213154 991.2649228794944
2 1 -0.5729085324850244 2 -0.2965583040292779 1003.1562920701859
2 1 0.5729085324850244 2 0.2965583040292779 996.8437079298141
17
2 1 -0.7254017680455608 2 0.32396326452495283 1.9616274656042547
1 1 1.0 1.0
1 1 -1.0 0.0
1 2 1.0 1.0
1 2 -1.0 0.0
1 3 1.0 0.0
1 3 -1.0 0.0
1 4 1.0 0.0
1 4 -1.0 0.0
1 3 -1.0 5.714999999999995e-07
1 3 1.0 2.8000000000000003e-05
1 4 -1.0 2.2e-05
1 4 1.0 0.000978
2 1 -0.8421854431028581 2 0.286454183213154 1008.7350771205056
2 1 0.8421854431028581 2 -0.286454183213154 991.2649228794944
2 1 -0.5729085324850244 2 -0.2965583040292779 1003.1562920701859
2 1 0.5729085324850244 2 0.2965583040292779 996.8437079298141
17
2 1 -0.7117158274388188 2 0.3260567433312239 1.8579351880792645
1 1 1.0 1.0
1 1 -1.0 0.0
1 2 1.0 1.0
1 2 -1.0 0.0
1 3 1.0 0.0
1 3 -1.0 0.0
1 4 1.0 0.0
1 4 -1.0 0.0
1 3 -1.0 5.714999999999995e-07
1 3 1.0 2.8000000000000003e-05
1 4 -1.0 2.2e-05
1 4 1.0 0.000978
2 1 -0.8421854431028581 2 0.286454183213154 1008.7350771205056
2 1 0.8421854431028581 2 -0.286454183213154 991.2649228794944
2 1 -0.5729085324850244 2 -0.2965583040292779 1003.1562920701859
2 1 0.5729085324850244 2 0.2965583040292779 996.8437079298141
17
2 1 -0.6979494822926586 2 0.32778464797499585 1.7514915639662476
1 1 1.0 1.0
1 1 -1.0 0.0
1 2 1.0 1.0
1 2 -1.0 0.0
1 3 1.0 0.0
1 3 -1.0 0.0
1 4 1.0 0.0
1 4 -1.0 0.0
1 3 -1.0 5.714999999999995e-07
1 3 1.0 2.8000000000000003e-05
1 4 -1.0 2.2e-05
1 4 1.0 0.000978
2 1 -0.8421854431028581 2 0.286454183213154 1008.7350771205056
2 1 0.8421854431028581 2 -0.286454183213154 991.2649228794944
2 1 -0.5729085324850244 2 -0.2965583040292779 1003.1562920701859
2 1 0.5729085324850244 2 0.2965583040292779 996.8437079298141
17
2 1 -0.6841178532503372 2 0.3291598466918099 1.6424972174628243
1 1 1.0 1.0
1 1 -1.0 0.0
1 2 1.0 1.0
1 2 -1.0 0.0
1 3 1.0 0.0
1 3 -1.0 0.0
1 4 1.0 0.0
1 4 -1.0 0.0
1 3 -1.0 5.714999999999995e-07
1 3 1.0 2.8000000000000003e-05
1 4 -1.0 2.2e-05
1 4 1.0 0.000978
2 1 -0.8421854431028581 2 0.286454183213154 1008.7350771205056
2 1 0.8421854431028581 2 -0.286454183213154 991.2649228794944
2 1 -0.5729085324850244 2 -0.2965583040292779 1003.1562920701859
2 1 0.5729085324850244 2 0.2965583040292779 996.8437079298141
17
2 1 -0.6702355239970705 2 0.3301950084948389 1.5311471094581321
1 1 1.0 1.0
1 1 -1.0 0.0
1 2 1.0 1.0
1 2 -1.0 0.0
1 3 1.0 0.0
1 3 -1.0 0.0
1 4 1.0 0.0
1 4 -1.0 0.0
1 3 -1.0 5.714999999999995e-07
1 3 1.0 2.8000000000000003e-05
1 4 -1.0 2.2e-05
1 4 1.0 0.000978
2 1 -0.8421854431028581 2 0.286454183213154 1008.7350771205056
2 1 0.8421854431028581 2 -0.286454183213154 991.2649228794944
2 1 -0.5729085324850244 2 -0.2965583040292779 1003.1562920701859
2 1 0.5729085324850244 2 0.2965583040292779 996.8437079298141
17
2 1 -0.6563165485928734 2 0.3309025996219992 1.417630579307982
1 1 1.0 1.0
1 1 -1.0 0.0
1 2 1.0 1.0
1 2 -1.0 0.0
1 3 1.0 0.0
1 3 -1.0 0.0
1 4 1.0 0.0
1 4 -1.0 0.0
1 3 -1.0 5.714999999999995e-07
1 3 1.0 2.8000000000000003e-05
1 4 -1.0 2.2e-05
1 4 1.0 0.000978
2 1 -0.8421854431028581 2 0.286454183213154 1008.7350771205056
2 1 0.8421854431028581 2 -0.286454183213154 991.2649228794944
2 1 -0.5729085324850244 2 -0.2965583040292779 1003.1562920701859
2 1 0.5729085324850244 2 0.2965583040292779 996.8437079298141
17
2 1 -0.6423744818441032 2 0.33129488296552584 1.3021315980497565
1 1 1.0 1.0
1 1 -1.0 0.0
1 2 1.0 1.0
1 2 -1.0 0.0
1 3 1.0 0.0
1 3 -1.0 0.0
1 4 1.0 0.0
1 4 -1.0 0.0
1 3 -1.0 5.714999999999995e-07
1 3 1.0 2.8000000000000003e-05
1 4 -1.0 2.2e-05
1 4 1.0 0.000978
2 1 -0.8421854431028581 2 0.286454183213154 1008.7350771205056
2 1 0.8421854431028581 2 -0.286454183213154 991.2649228794944
2 1 -0.5729085324850244 2 -0.2965583040292779 1003.1562920701859
2 1 0.5729085324850244 2 0.2965583040292779 996.8437079298141
17
2 1 -0.6284223030406337 2 0.3313839076381118 1.184828065311521
1 1 1.0 1.0
1 1 -1.0 0.0
1 2 1.0 1.0
1 2 -1.0 0.0
1 3 1.0 0.0
1 3 -1.0 0.0
1 4 1.0 0.0
1 4 -1.0 0.0
1 3 -1.0 5.714999999999995e-07
1 3 1.0 2.8000000000000003e-05
1 4 -1.0 2.2e-05
1 4 1.0 0.000978
2 1 -0.8421854431028581 2 0.286454183213154 1008.7350771205056
2 1 0.8421854431028581 2 -0.286454183213154 991.2649228794944
2 1 -0.5729085324850244 2 -0.2965583040292779 1003.1562920701859
2 1 0.5729085324850244 2 0.2965583040292779 996.8437079298141
17
2 1 -0.6144725517003691 2 0.33118151880255925 1.0658930112240448
1 1 1.0 1.0
1 1 -1.0 0.0
1 2 1.0 1.0
1 2 -1.0 0.0
1 3 1.0 0.0
1 3 -1.0 0.0
1 4 1.0 0.0
1 4 -1.0 0.0
1 3 -1.0 5.714999999999995e-07
1 3 1.0 2.8000000000000003e-05
1 4 -1.0 2.2e-05
1 4 1.0 0.000978
2 1 -0.8421854431028581 2 0.286454183213154 1008.7350771205056
2 1 0.8421854431028581 2 -0.286454183213154 991.2649228794944
2 1 -0.5729085324850244 2 -0.2965583040292779 1003.1562920701859
2 1 0.5729085324850244 2 0.2965583040292779 996.8437079298141
17
2 1 -0.6005372524158638 2 0.33069934666802375 0.9454938994670243
1 1 1.0 1.0
1 1 -1.0 0.0
1 2 1.0 1.0
1 2 -1.0 0.0
1 3 1.0 0.0
1 3 -1.0 0.0
1 4 1.0 0.0
1 4 -1.0 0.0
1 3 -1.0 5.714999999999995e-07
1 3 1.0 2.8000000000000003e-05
1 4 -1.0 2.2e-05
1 4 1.0 0.000978
2 1 -0.8421854431028581 2 0.286454183213154 1008.7350771205056
2 1 0.8421854431028581 2 -0.286454183213154 991.2649228794944
2 1 -0.5729085324850244 2 -0.2965583040292779 1003.1562920701859
2 1 0.5729085324850244 2 0.2965583040292779 996.8437079298141
17
2 1 -0.5866279442459148 2 0.32994880763466233 0.8237928819322873
1 1 1.0 1.0
1 1 -1.0 0.0
1 2 1.0 1.0
1 2 -1.0 0.0
1 3 1.0 0.0
1 3 -1.0 0.0
1 4 1.0 0.0
1 4 -1.0 0.0
1 3 -1.0 5.714999999999995e-07
1 3 1.0 2.8000000000000003e-05
1 4 -1.0 2.2e-05
1 4 1.0 0.000978
2 1 -0.8421854431028581 2 0.286454183213154 1008.7350771205056
2 1 0.8421854431028581 2 -0.286454183213154 991.2649228794944
2 1 -0.5729085324850244 2 -0.2965583040292779 1003.1562920701859
2 1 0.5729085324850244 2 0.2965583040292779 996.8437079298141
17
2 1 -0.5727556910259557 2 0.328941102102057 0.7009468733577968
1 1 1.0 1.0
1 1 -1.0 0.0
1 2 1.0 1.0
1 2 -1.0 0.0
1 3 1.0 0.0
1 3 -1.0 0.0
1 4 1.0 0.0
1 4 -1.0 0.0
1 3 -1.0 5.714999999999995e-07
1 3 1.0 2.8000000000000003e-05
1 4 -1.0 2.2e-05
1 4 1.0 0.000978
2 1 -0.8421854431028581 2 0.286454183213154 1008.7350771205056
2 1 0.8421854431028581 2 -0.286454183213154 991.2649228794944
2 1 -0.5729085324850244 2 -0.2965583040292779 1003.1562920701859
2 1 0.5729085324850244 2 0.2965583040292779 996.8437079298141
17
2 1 -0.5589310885053445 2 0.3276872142252823 0.5771076102100317
1 1 1.0 1.0
1 1 -1.0 0.0
1 2 1.0 1.0
1 2 -1.0 0.0
1 3 1.0 0.0
1 3 -1.0 0.0
1 4 1.0 0.0
1 4 -1.0 0.0
1 3 -1.0 5.714999999999995e-07
1 3 1.0 2.8000000000000003e-05
1 4 -1.0 2.2e-05
1 4 1.0 0.000978
2 1 -0.8421854431028581 2 0.286454183213154 1008.7350771205056
2 1 0.8421854431028581 2 -0.286454183213154 991.2649228794944
2 1 -0.5729085324850244 2 -0.2965583040292779 1003.1562920701859
2 1 0.5729085324850244 2 0.2965583040292779 996.8437079298141
17
2 1 -0.5451642748455131 2 0.3261979099738224 0.45242172832338756
1 1 1.0 1.0
1 1 -1.0 0.0
1 2 1.0 1.0
1 2 -1.0 0.0
1 3 1.0 0.0
1 3 -1.0 0.0
1 4 1.0 0.0
1 4 -1.0 0.0
1 3 -1.0 5.714999999999995e-07
1 3 1.0 2.8000000000000003e-05
1 4 -1.0 2.2e-05
1 4 1.0 0.000978
2 1 -0.8421854431028581 2 0.286454183213154 1008.7350771205056
2 1 0.8421854431028581 2 -0.286454183213154 991.2649228794944
2 1 -0.5729085324850244 2 -0.2965583040292779 1003.1562920701859
2 1 0.5729085324850244 2 0.2965583040292779 996.8437079298141
17
2 1 -0.5314649406675249 2 0.3244837362421323 0.3270308426966757
1 1 1.0 1.0
1 1 -1.0 0.0
1 2 1.0 1.0
1 2 -1.0 0.0
1 3 1.0 0.0
1 3 -1.0 0.0
1 4 1.0 0.0
1 4 -1.0 0.0
1 3 -1.0 5.714999999999995e-07
1 3 1.0 2.8000000000000003e-05
1 4 -1.0 2.2e-05
1 4 1.0 0.000978
2 1 -0.8421854431028581 2 0.286454183213154 1008.7350771205056
2 1 0.8421854431028581 2 -0.286454183213154 991.2649228794944
2 1 -0.5729085324850244 2 -0.2965583040292779 1003.1562920701859
2 1 0.5729085324850244 2 0.2965583040292779 996.8437079298141
17
2 1 -0.5178423365004764 2 0.322555020870437 0.2010716105032042
1 1 1.0 1.0
1 1 -1.0 0.0
1 2 1.0 1.0
1 2 -1.0 0.0
1 3 1.0 0.0
1 3 -1.0 0.0
1 4 1.0 0.0
1 4 -1.0 0.0
1 3 -1.0 5.714999999999995e-07
1 3 1.0 2.8000000000000003e-05
1 4 -1.0 2.2e-05
1 4 1.0 0.000978
2 1 -0.8421854431028581 2 0.286454183213154 1008.7350771205056
2 1 0.8421854431028581 2 -0.286454183213154 991.2649228794944
2 1 -0.5729085324850244 2 -0.2965583040292779 1003.1562920701859
2 1 0.5729085324850244 2 0.2965583040292779 996.8437079298141
17
2 1 -0.5043052787007054 2 0.32042187430729496 0.07467579049593098
1 1 1.0 1.0
1 1 -1.0 0.0
1 2 1.0 1.0
1 2 -1.0 0.0
1 3 1.0 0.0
1 3 -1.0 0.0
1 4 1.0 0.0
1 4 -1.0 0.0
1 3 -1.0 5.714999999999995e-07
1 3 1.0 2.8000000000000003e-05
1 4 -1.0 2.2e-05
1 4 1.0 0.000978
2 1 -0.8421854431028581 2 0.286454183213154 1008.7350771205056
2 1 0.8421854431028581 2 -0.286454183213154 991.2649228794944
2 1 -0.5729085324850244 2 -0.2965583040292779 1003.1562920701859
2 1 0.5729085324850244 2 0.2965583040292779 996.8437079298141
17
2 1 -0.4908621633848351 2 0.31809418672893797 -0.052029655676314235
1 1 1.0 1.0
1 1 -1.0 0.0
1 2 1.0 1.0
1 2 -1.0 0.0
1 3 1.0 0.0
1 3 -1.0 0.0
1 4 1.0 0.0
1 4 -1.0 0.0
1 3 -1.0 5.714999999999995e-07
1 3 1.0 2.8000000000000003e-05
1 4 -1.0 2.2e-05
1 4 1.0 0.000978
2 1 -0.8421854431028581 2 0.286454183213154 1008.7350771205056
2 1 0.8421854431028581 2 -0.286454183213154 991.2649228794944
2 1 -0.5729085324850244 2 -0.2965583040292779 1003.1562920701859
2 1 0.5729085324850244 2 0.2965583040292779 996.8437079298141
17
2 1 -0.47752097870750077 2 0.31558162681362917 -0.17892246674734835
1 1 1.0 1.0
1 1 -1.0 0.0
1 2 1.0 1.0
1 2 -1.0 0.0
1 3 1.0 0.0
1 3 -1.0 0.0
1 4 1.0 0.0
1 4 -1.0 0.0
1 3 -1.0 5.714999999999995e-07
1 3 1.0 2.8000000000000003e-05
1 4 -1.0 2.2e-05
1 4 1.0 0.000978
2 1 -0.8421854431028581 2 0.286454183213154 1008.7350771205056
2 1 0.8421854431028581 2 -0.286454183213154 991.2649228794944
2 1 -0.5729085324850244 2 -0.2965583040292779 1003.1562920701859
2 1 0.5729085324850244 2 0.2965583040292779 996.8437079298141
17
2 1 -0.4642893144340876 2 0.3128936415879279 -0.3058850018756951
1 1 1.0 1.0
1 1 -1.0 0.0
1 2 1.0 1.0
1 2 -1.0 0.0
1 3 1.0 0.0
1 3 -1.0 0.0
1 4 1.0 0.0
1 4 -1.0 0.0
1 3 -1.0 5.714999999999995e-07
1 3 1.0 2.8000000000000003e-05
1 4 -1.0 2.2e-05
1 4 1.0 0.000978
2 1 -0.8421854431028581 2 0.286454183213154 1008.7350771205056
2 1 0.8421854431028581 2 -0.286454183213154 991.2649228794944
2 1 -0.5729085324850244 2 -0.2965583040292779 1003.1562920701859
2 1 0.5729085324850244 2 0.2965583040292779 996.8437079298141
25
2 1 -0.4511743762754283 2 0.310039467789345 -0.011813014654559417
1 1 1.0 1.0
1 1 -1.0 0.0
1 2 1.0 1.0
1 2 -1.0 0.0
1 3 1.0 0.0
1 3 -1.0 0.0
1 4 1.0 0.0
1 4 -1.0 0.0
1 3 -1.0 5.714999999999995e-07
1 3 1.0 2.7999999999999996e-05
1 4 -1.0 2.2e-05
1 4 1.0 0.000978
2 1 -0.8421854431028581 2 0.286454183213154 1008.7350771205056
2 1 0.8421854431028581 2 -0.286454183213154 991.2649228794944
2 1 -0.5729085324850244 2 -0.2965583040292779 1003.1562920701859
2 1 0.5729085324850244 2 0.2965583040292779 996.8437079298141
1 3 -1.0 0.0
1 3 1.0 2.1428500000000013e-05
1 4 -1.0 5e-05
1 4 1.0 0.00095
2 1 -0.4642893144340876 2 0.3128936415879279 1005.6941149981243
2 1 0.4642893144340876 2 -0.3128936415879279 994.3058850018757
2 1 -0.6257874524386793 2 0.13169868503491716 1006.030568054196
2 1 0.6257874524386793 2 -0.13169868503491716 993.969431945804
