3
24
8
2 1 -0.6881382141722718 2 0.1818865600178135 0.8
2 1 0.6881382141722718 2 -0.1818865600178135 -0.2
1 1 1.0 0.1
1 1 -1.0 0.1
1 2 1.0 1.0
1 2 -1.0 -0.8
1 3 1.0 1.0
1 3 -1.0 -0.9
8
2 1 -0.6256470720615877 2 0.3087360124550137 0.8
2 1 0.6256470720615877 2 -0.3087360124550137 -0.2
1 1 1.0 0.1
1 1 -1.0 0.1
1 2 1.0 1.0
1 2 -1.0 -0.8
1 3 1.0 1.0
1 3 -1.0 -0.9
8
2 1 -0.5409122574431577 2 0.418425958432189 0.8
2 1 0.5409122574431577 2 -0.418425958432189 -0.2
1 1 1.0 0.1
1 1 -1.0 0.1
1 2 1.0 1.0
1 2 -1.0 -0.8
1 3 1.0 1.0
1 3 -1.0 -0.9
8
2 1 -0.4381504034029762 2 0.5072998429830949 0.8
2 1 0.4381504034029762 2 -0.5072998429830949 -0.2
1 1 1.0 0.1
1 1 -1.0 0.1
1 2 1.0 1.0
1 2 -1.0 -0.8
1 3 1.0 1.0
1 3 -1.0 -0.9
8
2 1 -0.3221243084311992 2 0.5726660472548983 0.8
2 1 0.3221243084311992 2 -0.5726660472548983 -0.2
1 1 1.0 0.1
1 1 -1.0 0.1
1 2 1.0 1.0
1 2 -1.0 -0.8
1 3 1.0 1.0
1 3 -1.0 -0.9
8
2 1 -0.19793357003855822 2 0.6128663534788208 0.8
2 1 0.19793357003855822 2 -0.6128663534788208 -0.2
1 1 1.0 0.1
1 1 -1.0 0.1
1 2 1.0 1.0
1 2 -1.0 -0.8
1 3 1.0 1.0
1 3 -1.0 -0.9
8
2 1 -0.07080007378191656 2 0.6273008436952286 0.8
2 1 0.07080007378191656 2 -0.6273008436952286 -0.2
1 1 1.0 0.1
1 1 -1.0 0.1
1 2 1.0 1.0
1 2 -1.0 -0.8
1 3 1.0 1.0
1 3 -1.0 -0.9
8
2 1 0.05414289804650996 2 0.6164100848470054 0.8
2 1 -0.05414289804650996 2 -0.6164100848470054 -0.2
1 1 1.0 0.1
1 1 -1.0 0.1
1 2 1.0 1.0
1 2 -1.0 -0.8
1 3 1.0 1.0
1 3 -1.0 -0.9
8
2 1 0.1720497894877043 2 0.5816169478786479 0.8
2 1 -0.1720497894877043 2 -0.5816169478786479 -0.2
1 1 1.0 0.1
1 1 -1.0 0.1
1 2 1.0 1.0
1 2 -1.0 -0.8
1 3 1.0 1.0
1 3 -1.0 -0.9
8
2 1 0.2785427621753215 2 0.5252319269954631 0.8
2 1 -0.2785427621753215 2 -0.5252319269954631 -0.2
1 1 1.0 0.1
1 1 -1.0 0.1
1 2 1.0 1.0
1 2 -1.0 -0.8
1 3 1.0 1.0
1 3 -1.0 -0.9
8
2 1 0.3698661366201649 2 0.4503271418073099 0.8
2 1 -0.3698661366201649 2 -0.4503271418073099 -0.2
1 1 1.0 0.1
1 1 -1.0 0.1
1 2 1.0 1.0
1 2 -1.0 -0.8
1 3 1.0 1.0
1 3 -1.0 -0.9
8
2 1 0.4430102344998275 2 0.3605852195190898 0.8
2 1 -0.4430102344998275 2 -0.3605852195190898 -0.2
1 1 1.0 0.1
1 1 -1.0 0.1
1 2 1.0 1.0
1 2 -1.0 -0.8
1 3 1.0 1.0
1 3 -1.0 -0.9
8
2 1 0.49580091043194385 2 0.26013000072666853 0.8
2 1 -0.49580091043194385 2 -0.26013000072666853 -0.2
1 1 1.0 0.1
1 1 -1.0 0.1
1 2 1.0 1.0
1 2 -1.0 -0.8
1 3 1.0 1.0
1 3 -1.0 -0.9
8
2 1 0.5269526112332192 2 0.1533464794546981 0.8
2 1 -0.5269526112332192 2 -0.1533464794546981 -0.2
1 1 1.0 0.1
1 1 -1.0 0.1
1 2 1.0 1.0
1 2 -1.0 -0.8
1 3 1.0 1.0
1 3 -1.0 -0.9
8
2 1 -0.3086771878072027 2 0.2001342009594888 0.8
2 1 0.3086771878072027 2 -0.2001342009594888 -0.2
1 1 1.0 0.1
1 1 -1.0 0.1
1 2 1.0 1.0
1 2 -1.0 -0.8
1 3 1.0 1.0
1 3 -1.0 -0.9
8
2 1 -0.2575605989057436 2 0.25237129610224407 0.8
2 1 0.2575605989057436 2 -0.25237129610224407 -0.2
1 1 1.0 0.1
1 1 -1.0 0.1
1 2 1.0 1.0
1 2 -1.0 -0.8
1 3 1.0 1.0
1 3 -1.0 -0.9
8
2 1 -0.19828252639628272 2 0.29259917152702003 0.8
2 1 0.19828252639628272 2 -0.29259917152702003 -0.2
1 1 1.0 0.1
1 1 -1.0 0.1
1 2 1.0 1.0
1 2 -1.0 -0.8
1 3 1.0 1.0
1 3 -1.0 -0.9
8
2 1 -0.1335026623943132 2 0.31970093968774077 0.8
2 1 0.1335026623943132 2 -0.31970093968774077 -0.2
1 1 1.0 0.1
1 1 -1.0 0.1
1 2 1.0 1.0
1 2 -1.0 -0.8
1 3 1.0 1.0
1 3 -1.0 -0.9
8
2 1 -0.06599356663074017 2 0.33312158993873636 0.8
2 1 0.06599356663074017 2 -0.33312158993873636 -0.2
1 1 1.0 0.1
1 1 -1.0 0.1
1 2 1.0 1.0
1 2 -1.0 -0.8
1 3 1.0 1.0
1 3 -1.0 -0.9
8
2 1 0.001473194373862903 2 0.332867859233614 0.8
2 1 -0.001473194373862903 2 -0.332867859233614 -0.2
1 1 1.0 0.1
1 1 -1.0 0.1
1 2 1.0 1.0
1 2 -1.0 -0.8
1 3 1.0 1.0
1 3 -1.0 -0.9
8
2 1 0.0662364005428794 2 0.3194859422289916 0.8
2 1 -0.0662364005428794 2 -0.3194859422289916 -0.2
1 1 1.0 0.1
1 1 -1.0 0.1
1 2 1.0 1.0
1 2 -1.0 -0.8
1 3 1.0 1.0
1 3 -1.0 -0.9
8
2 1 0.1258458867853097 2 0.29401878072949184 0.8
2 1 -0.1258458867853097 2 -0.29401878072949184 -0.2
1 1 1.0 0.1
1 1 -1.0 0.1
1 2 1.0 1.0
1 2 -1.0 -0.8
1 3 1.0 1.0
1 3 -1.0 -0.9
8
2 1 0.17815097512008915 2 0.25794541992989767 0.8
2 1 -0.17815097512008915 2 -0.25794541992989767 -0.2
1 1 1.0 0.1
1 1 -1.0 0.1
1 2 1.0 1.0
1 2 -1.0 -0.8
1 3 1.0 1.0
1 3 -1.0 -0.9
8
2 1 0.22137361844991377 2 0.21310553315577768 0.8
2 1 -0.22137361844991377 2 -0.21310553315577768 -0.2
1 1 1.0 0.1
1 1 -1.0 0.1
1 2 1.0 1.0
1 2 -1.0 -0.8
1 3 1.0 1.0
1 3 -1.0 -0.9
