2
18
8
2 1 0.4509335499359271 2 0.07410138373447125 0.5538634402872342
2 1 -0.4509335499359271 2 -0.07410138373447125 0.4461365597127657
2 1 -7.410138325020279 2 0.15452806821884116 7.726934478066358
2 1 7.410138325020279 2 -0.15452806821884116 -5.726934478066358
1 1 1.0 -0.95
1 1 -1.0 1.05
1 2 1.0 0.15
1 2 -1.0 0.15
8
2 1 0.3761925807193401 2 0.07524833254780301 0.5611955308243515
2 1 -0.3761925807193401 2 -0.07524833254780301 0.4388044691756485
2 1 -7.5248329860243395 2 0.07519930011037279 7.738185994516892
2 1 7.5248329860243395 2 -0.07519930011037279 -5.738185994516892
1 1 1.0 -0.95
1 1 -1.0 1.05
1 2 1.0 0.15
1 2 -1.0 0.15
8
2 1 0.30069763417699397 2 0.07561329135329438 0.5686015801141324
2 1 -0.30069763417699397 2 -0.07561329135329438 0.4313984198858676
2 1 -7.561328722973093 2 -0.001755484623950282 7.741766220167474
2 1 7.561328722973093 2 0.001755484623950282 -5.741766220167474
1 1 1.0 -0.95
1 1 -1.0 1.05
1 2 1.0 0.15
1 2 -1.0 0.15
8
2 1 0.2252176977585146 2 0.07522334583233861 0.5760061609073639
2 1 -0.2252176977585146 2 -0.07522334583233861 0.42399383909263605
2 1 -7.522334151281288 2 -0.07567564652505203 7.737940850213291
2 1 7.522334151281288 2 0.07567564652505203 -5.737940850213291
1 1 1.0 -0.95
1 1 -1.0 1.05
1 2 1.0 0.15
1 2 -1.0 0.15
8
2 1 0.15049149699582495 2 0.07411191674341767 0.583336799699152
2 1 -0.15049149699582495 2 -0.07411191674341767 0.4166632003008481
2 1 -7.411191229071907 2 -0.14595613513230568 7.727037711294216
2 1 7.411191229071907 2 0.14595613513230568 -5.727037711294216
1 1 1.0 -0.95
1 1 -1.0 1.05
1 2 1.0 0.15
1 2 -1.0 0.15
8
2 1 0.07722136027647034 2 0.07231817777347971 0.590524598238012
2 1 -0.07722136027647034 2 -0.07231817777347971 0.40947540176198804
2 1 -7.231817506170898 2 -0.2120513340758535 7.709441145499659
2 1 7.231817506170898 2 0.2120513340758535 -5.709441145499659
1 1 1.0 -0.95
1 1 -1.0 1.05
1 2 1.0 0.15
1 2 -1.0 0.15
8
2 1 0.006067860628888248 2 0.06988645828375874 0.597504756676217
2 1 -0.006067860628888248 2 -0.06988645828375874 0.402495243323783
2 1 -6.988645447516368 2 -0.27347794153229366 7.685585935149214
2 1 6.988645447516368 2 0.27347794153229366 -5.685585935149214
1 1 1.0 -0.95
1 1 -1.0 1.05
1 2 1.0 0.15
1 2 -1.0 0.15
8
2 1 -0.06235510892048509 2 0.06686558555182917 0.6042170465960199
2 1 0.06235510892048509 2 -0.06686558555182917 0.39578295340398006
2 1 -6.686558124978098 2 -0.3298174156267702 7.655951179591858
2 1 6.686558124978098 2 0.3298174156267702 -5.655951179591858
1 1 1.0 -0.95
1 1 -1.0 1.05
1 2 1.0 0.15
1 2 -1.0 0.15
8
2 1 -0.12748444063003184 2 0.06330824944647964 0.6106062318520297
2 1 0.12748444063003184 2 -0.06330824944647964 0.3893937681479704
2 1 -6.330824490446978 2 -0.38071740055660863 7.621053709386669
2 1 6.330824490446978 2 0.38071740055660863 -5.621053709386669
1 1 1.0 -0.95
1 1 -1.0 1.05
1 2 1.0 0.15
1 2 -1.0 0.15
11
2 1 -0.19079268553450163 2 0.059501075440913556 0.617307268960375
2 1 0.19079268553450163 2 -0.059501075440913556 0.3826927310396249
2 1 -6.330824490446978 2 -0.38071740055660863 7.719153709386669
2 1 6.330824490446978 2 0.38071740055660863 -5.719153709386669
1 1 1.0 -0.95
1 1 -1.0 1.05
1 2 1.0 0.1499999999999999
1 2 -1.0 0.1499999999999999
2 1 6.330824490446978 2 0.38071740055660863 -0.6210537093866693
2 1 0.12748444063003184 2 -0.06330824944647964 -0.11060623185202963
2 1 -0.12748444063003184 2 0.06330824944647964 1.1106062318520296
11
2 1 -0.2541009304389714 2 0.05569390143534747 0.6249893060542417
2 1 0.2541009304389714 2 -0.05569390143534747 0.37501069394575826
2 1 -6.330824490446978 2 -0.38071740055660863 7.817253709386669
2 1 6.330824490446978 2 0.38071740055660863 -5.817253709386669
1 1 1.0 -0.95
1 1 -1.0 1.05
1 2 1.0 0.1499999999999999
1 2 -1.0 0.1499999999999999
2 1 6.330824490446978 2 0.38071740055660863 -0.6210537093866693
2 1 0.12748444063003184 2 -0.06330824944647964 -0.11060623185202963
2 1 -0.12748444063003184 2 0.06330824944647964 1.1106062318520296
11
2 1 -0.31740917534344115 2 0.051886727429781385 0.6336523431626289
2 1 0.31740917534344115 2 -0.051886727429781385 0.36634765683737114
2 1 -6.330824490446978 2 -0.38071740055660863 7.915353709386669
2 1 6.330824490446978 2 0.38071740055660863 -5.915353709386669
1 1 1.0 -0.95
1 1 -1.0 1.05
1 2 1.0 0.1499999999999999
1 2 -1.0 0.1499999999999999
2 1 6.330824490446978 2 0.38071740055660863 -0.6210537093866693
2 1 0.12748444063003184 2 -0.06330824944647964 -0.11060623185202963
2 1 -0.12748444063003184 2 0.06330824944647964 1.1106062318520296
11
2 1 -0.380717420247911 2 0.04807955342421529 0.6432963802564955
2 1 0.380717420247911 2 -0.04807955342421529 0.35670361974350445
2 1 -6.330824490446978 2 -0.38071740055660863 8.01345370938667
2 1 6.330824490446978 2 0.38071740055660863 -6.01345370938667
1 1 1.0 -0.95
1 1 -1.0 1.05
1 2 1.0 0.1499999999999999
1 2 -1.0 0.1499999999999999
2 1 6.330824490446978 2 0.38071740055660863 -0.6210537093866693
2 1 0.12748444063003184 2 -0.06330824944647964 -0.11060623185202963
2 1 -0.12748444063003184 2 0.06330824944647964 1.1106062318520296
11
2 1 -0.44402566515238073 2 0.044272379418649206 0.6539214173503622
2 1 0.44402566515238073 2 -0.044272379418649206 0.34607858264963776
2 1 -6.330824490446978 2 -0.38071740055660863 8.11155370938667
2 1 6.330824490446978 2 0.38071740055660863 -6.111553709386669
1 1 1.0 -0.95
1 1 -1.0 1.05
1 2 1.0 0.1499999999999999
1 2 -1.0 0.1499999999999999
2 1 6.330824490446978 2 0.38071740055660863 -0.6210537093866693
2 1 0.12748444063003184 2 -0.06330824944647964 -0.11060623185202963
2 1 -0.12748444063003184 2 0.06330824944647964 1.1106062318520296
11
2 1 -0.5073339100568507 2 0.040465205413083113 0.665527454444229
2 1 0.5073339100568507 2 -0.040465205413083113 0.33447254555577105
2 1 -6.330824490446978 2 -0.38071740055660863 8.209653709386668
2 1 6.330824490446978 2 0.38071740055660863 -6.209653709386669
1 1 1.0 -0.95
1 1 -1.0 1.05
1 2 1.0 0.1499999999999999
1 2 -1.0 0.1499999999999999
2 1 6.330824490446978 2 0.38071740055660863 -0.6210537093866693
2 1 0.12748444063003184 2 -0.06330824944647964 -0.11060623185202963
2 1 -0.12748444063003184 2 0.06330824944647964 1.1106062318520296
11
2 1 -0.5706421549613205 2 0.03665803140751703 0.6781144915526581
2 1 0.5706421549613205 2 -0.03665803140751703 0.3218855084473419
2 1 -6.330824490446978 2 -0.38071740055660863 8.30775370938667
2 1 6.330824490446978 2 0.38071740055660863 -6.307753709386669
1 1 1.0 -0.95
1 1 -1.0 1.05
1 2 1.0 0.1499999999999999
1 2 -1.0 0.1499999999999999
2 1 6.330824490446978 2 0.38071740055660863 -0.6210537093866693
2 1 0.12748444063003184 2 -0.06330824944647964 -0.11060623185202963
2 1 -0.12748444063003184 2 0.06330824944647964 1.1106062318520296
11
2 1 -0.6339503998657903 2 0.03285085740195094 0.6916825286465249
2 1 0.6339503998657903 2 -0.03285085740195094 0.30831747135347515
2 1 -6.330824490446978 2 -0.38071740055660863 8.405853709386669
2 1 6.330824490446978 2 0.38071740055660863 -6.405853709386669
1 1 1.0 -0.95
1 1 -1.0 1.05
1 2 1.0 0.1499999999999999
1 2 -1.0 0.1499999999999999
2 1 6.330824490446978 2 0.38071740055660863 -0.6210537093866693
2 1 0.12748444063003184 2 -0.06330824944647964 -0.11060623185202963
2 1 -0.12748444063003184 2 0.06330824944647964 1.1106062318520296
11
2 1 -0.6972586447702601 2 0.02904368339638485 0.7062315657403916
2 1 0.6972586447702601 2 -0.02904368339638485 0.2937684342596084
2 1 -6.330824490446978 2 -0.38071740055660863 8.503953709386668
2 1 6.330824490446978 2 0.38071740055660863 -6.503953709386669
1 1 1.0 -0.95
1 1 -1.0 1.05
1 2 1.0 0.1499999999999999
1 2 -1.0 0.1499999999999999
2 1 6.330824490446978 2 0.38071740055660863 -0.6210537093866693
2 1 0.12748444063003184 2 -0.06330824944647964 -0.11060623185202963
2 1 -0.12748444063003184 2 0.06330824944647964 1.1106062318520296
