2
26
8
2 1 0.488885736096 2 0.761394416143 2.0
2 1 -0.488885736096 2 -0.761394416143 2.0
2 1 -0.761394416143 2 0.488885736096 5.0
2 1 0.761394416143 2 -0.488885736096 -1.0
1 1 1.0 -5.0
1 1 -1.0 6.0
1 2 1.0 1.0
1 2 -1.0 0.0
8
2 1 0.321382497044 2 0.826644471406 2.0
2 1 -0.321382497044 2 -0.826644471406 2.0
2 1 -0.826644471406 2 0.321382497044 5.0
2 1 0.826644471406 2 -0.321382497044 -1.0
1 1 1.0 -5.0
1 1 -1.0 6.0
1 2 1.0 1.0
1 2 -1.0 0.0
8
2 1 0.147762324376 2 0.856708797439 2.0
2 1 -0.147762324376 2 -0.856708797439 2.0
2 1 -0.856708797439 2 0.147762324376 5.0
2 1 0.856708797439 2 -0.147762324376 -1.0
1 1 1.0 -5.0
1 1 -1.0 6.0
1 2 1.0 1.0
1 2 -1.0 0.0
8
2 1 -0.0248821940392 2 0.851780388001 2.0
2 1 0.0248821940392 2 -0.851780388001 2.0
2 1 -0.851780388001 2 -0.0248821940392 5.0
2 1 0.851780388001 2 0.0248821940392 -1.0
1 1 1.0 -5.0
1 1 -1.0 6.0
1 2 1.0 1.0
1 2 -1.0 0.0
8
2 1 -0.189775134132 2 0.81342586535 2.0
2 1 0.189775134132 2 -0.81342586535 2.0
2 1 -0.81342586535 2 -0.189775134132 5.0
2 1 0.81342586535 2 0.189775134132 -1.0
1 1 1.0 -5.0
1 1 -1.0 6.0
1 2 1.0 1.0
1 2 -1.0 0.0
8
2 1 -0.340712190506 2 0.744469715631 2.0
2 1 0.340712190506 2 -0.744469715631 2.0
2 1 -0.744469715631 2 -0.340712190506 5.0
2 1 0.744469715631 2 0.340712190506 -1.0
1 1 1.0 -5.0
1 1 -1.0 6.0
1 2 1.0 1.0
1 2 -1.0 0.0
8
2 1 0.440451511185 2 0.250326196298 2.0
2 1 -0.440451511185 2 -0.250326196298 2.0
2 1 -0.250326196298 2 0.440451511185 5.0
2 1 0.250326196298 2 -0.440451511185 -1.0
1 1 1.0 -5.0
1 1 -1.0 6.0
1 2 1.0 1.0
1 2 -1.0 0.0
8
2 1 0.374376762771 2 0.326249860121 2.0
2 1 -0.374376762771 2 -0.326249860121 2.0
2 1 -0.326249860121 2 0.374376762771 5.0
2 1 0.326249860121 2 -0.374376762771 -1.0
1 1 1.0 -5.0
1 1 -1.0 6.0
1 2 1.0 1.0
1 2 -1.0 0.0
8
2 1 0.296116372777 2 0.386319596865 2.0
2 1 -0.296116372777 2 -0.386319596865 2.0
2 1 -0.386319596865 2 0.296116372777 5.0
2 1 0.386319596865 2 -0.296116372777 -1.0
1 1 1.0 -5.0
1 1 -1.0 6.0
1 2 1.0 1.0
1 2 -1.0 0.0
8
2 1 0.209237039903 2 0.428786112944 2.0
2 1 -0.209237039903 2 -0.428786112944 2.0
2 1 -0.428786112944 2 0.209237039903 5.0
2 1 0.428786112944 2 -0.209237039903 -1.0
1 1 1.0 -5.0
1 1 -1.0 6.0
1 2 1.0 1.0
1 2 -1.0 0.0
8
2 1 0.117505809273 2 0.452663512696 2.0
2 1 -0.117505809273 2 -0.452663512696 2.0
2 1 -0.452663512696 2 0.117505809273 5.0
2 1 0.452663512696 2 -0.117505809273 -1.0
1 1 1.0 -5.0
1 1 -1.0 6.0
1 2 1.0 1.0
1 2 -1.0 0.0
8
2 1 0.0247335101942 2 0.457738255641 2.0
2 1 -0.0247335101942 2 -0.457738255641 2.0
2 1 -0.457738255641 2 0.0247335101942 5.0
2 1 0.457738255641 2 -0.0247335101942 -1.0
1 1 1.0 -5.0
1 1 -1.0 6.0
1 2 1.0 1.0
1 2 -1.0 0.0
8
2 1 -0.065377359547 2 0.444547304364 2.0
2 1 0.065377359547 2 -0.444547304364 2.0
2 1 -0.444547304364 2 -0.065377359547 5.0
2 1 0.444547304364 2 0.065377359547 -1.0
1 1 1.0 -5.0
1 1 -1.0 6.0
1 2 1.0 1.0
1 2 -1.0 0.0
8
2 1 -0.149374516767 2 0.414327508481 2.0
2 1 0.149374516767 2 -0.414327508481 2.0
2 1 -0.414327508481 2 -0.149374516767 5.0
2 1 0.414327508481 2 0.149374516767 -1.0
1 1 1.0 -5.0
1 1 -1.0 6.0
1 2 1.0 1.0
1 2 -1.0 0.0
8
2 1 -0.224182357171 2 0.368939339455 2.0
2 1 0.224182357171 2 -0.368939339455 2.0
2 1 -0.368939339455 2 -0.224182357171 5.0
2 1 0.368939339455 2 0.224182357171 -1.0
1 1 1.0 -5.0
1 1 -1.0 6.0
1 2 1.0 1.0
1 2 -1.0 0.0
8
2 1 -0.287208570161 2 0.310769006885 2.0
2 1 0.287208570161 2 -0.310769006885 2.0
2 1 -0.310769006885 2 -0.287208570161 5.0
2 1 0.310769006885 2 0.287208570161 -1.0
1 1 1.0 -5.0
1 1 -1.0 6.0
1 2 1.0 1.0
1 2 -1.0 0.0
8
2 1 -0.336427509461 2 0.242613662725 2.0
2 1 0.336427509461 2 -0.242613662725 2.0
2 1 -0.242613662725 2 -0.336427509461 5.0
2 1 0.242613662725 2 0.336427509461 -1.0
1 1 1.0 -5.0
1 1 -1.0 6.0
1 2 1.0 1.0
1 2 -1.0 0.0
8
2 1 0.21528006322 2 0.158163761242 2.0
2 1 -0.21528006322 2 -0.158163761242 2.0
2 1 -0.158163761242 2 0.21528006322 5.0
2 1 0.158163761242 2 -0.21528006322 -1.0
1 1 1.0 -5.0
1 1 -1.0 6.0
1 2 1.0 1.0
1 2 -1.0 0.0
8
2 1 0.176010848846 2 0.193864232128 2.0
2 1 -0.176010848846 2 -0.193864232128 2.0
2 1 -0.193864232128 2 0.176010848846 5.0
2 1 0.193864232128 2 -0.176010848846 -1.0
1 1 1.0 -5.0
1 1 -1.0 6.0
1 2 1.0 1.0
1 2 -1.0 0.0
8
2 1 0.131334353456 2 0.220513162586 2.0
2 1 -0.131334353456 2 -0.220513162586 2.0
2 1 -0.220513162586 2 0.131334353456 5.0
2 1 0.220513162586 2 -0.131334353456 -1.0
1 1 1.0 -5.0
1 1 -1.0 6.0
1 2 1.0 1.0
1 2 -1.0 0.0
8
2 1 0.083225936864 2 0.237413618028 2.0
2 1 -0.083225936864 2 -0.237413618028 2.0
2 1 -0.237413618028 2 0.083225936864 5.0
2 1 0.237413618028 2 -0.083225936864 -1.0
1 1 1.0 -5.0
1 1 -1.0 6.0
1 2 1.0 1.0
1 2 -1.0 0.0
8
2 1 0.0337189898733 2 0.244280795279 2.0
2 1 -0.0337189898733 2 -0.244280795279 2.0
2 1 -0.244280795279 2 0.0337189898733 5.0
2 1 0.244280795279 2 -0.0337189898733 -1.0
1 1 1.0 -5.0
1 1 -1.0 6.0
1 2 1.0 1.0
1 2 -1.0 0.0
8
2 1 -0.0151776355251 2 0.241237062127 2.0
2 1 0.0151776355251 2 -0.241237062127 2.0
2 1 -0.241237062127 2 -0.0151776355251 5.0
2 1 0.241237062127 2 0.0151776355251 -1.0
1 1 1.0 -5.0
1 1 -1.0 6.0
1 2 1.0 1.0
1 2 -1.0 0.0
8
2 1 -0.0615579431809 2 0.228791165674 2.0
2 1 0.0615579431809 2 -0.228791165674 2.0
2 1 -0.228791165674 2 -0.0615579431809 5.0
2 1 0.228791165674 2 0.0615579431809 -1.0
1 1 1.0 -5.0
1 1 -1.0 6.0
1 2 1.0 1.0
1 2 -1.0 0.0
8
2 1 -0.103689990751 2 0.2078030043 2.0
2 1 0.103689990751 2 -0.2078030043 2.0
2 1 -0.2078030043 2 -0.103689990751 5.0
2 1 0.2078030043 2 0.103689990751 -1.0
1 1 1.0 -5.0
1 1 -1.0 6.0
1 2 1.0 1.0
1 2 -1.0 0.0
8
2 1 -0.140077427573 2 0.17943591495 2.0
2 1 0.140077427573 2 -0.17943591495 2.0
2 1 -0.17943591495 2 -0.140077427573 5.0
2 1 0.17943591495 2 0.140077427573 -1.0
1 1 1.0 -5.0
1 1 -1.0 6.0
1 2 1.0 1.0
1 2 -1.0 0.0

