18
48
38
13 1 0.5989784209578752 2 0.797976795822709 3 0.0031623750913526353 4 0.0032071687126951636 5 -6.733338179004985e-06 6 1.2773252518658395e-06 7 -9.658895695936306e-06 8 0.0006143533499083436 9 -1.692451319291118e-05 10 -0.0007658305273696049 14 -0.015493912722773484 15 -3.6273530433431816e-06 16 -0.0011113925134386238 -0.002
13 1 -0.5989784209578752 2 -0.797976795822709 3 -0.0031623750913526353 4 -0.0032071687126951636 5 6.733338179004985e-06 6 -1.2773252518658395e-06 7 9.658895695936306e-06 8 -0.0006143533499083436 9 1.692451319291118e-05 10 0.0007658305273696049 14 0.015493912722773484 15 3.6273530433431816e-06 16 0.0011113925134386238 0.004
1 1 1.0 4.6e-06
1 1 -1.0 4.6e-06
1 2 1.0 6.4e-06
1 2 -1.0 6.4e-06
1 3 1.0 7.3e-06
1 3 -1.0 7.3e-06
1 4 1.0 1.19e-05
1 4 -1.0 1.19e-05
1 5 1.0 3.16e-05
1 5 -1.0 3.16e-05
1 6 1.0 6.5e-06
1 6 -1.0 6.5e-06
1 7 1.0 1.69e-05
1 7 -1.0 1.69e-05
1 8 1.0 0.0002037
1 8 -1.0 0.0002037
1 9 1.0 1.73e-05
1 9 -1.0 1.73e-05
1 10 1.0 5.08e-05
1 10 -1.0 5.08e-05
1 11 1.0 1.8e-06
1 11 -1.0 1.8e-06
1 12 1.0 2e-07
1 12 -1.0 2e-07
1 13 1.0 6e-07
1 13 -1.0 6e-07
1 14 1.0 0.1
1 14 -1.0 -0.0
1 15 1.0 1.0
1 15 -1.0 -0.8
1 16 1.0 1.0
1 16 -1.0 -0.9
1 17 1.0 0.0
1 17 -1.0 0.0
1 18 1.0 20.0
1 18 -1.0 -20.0
38
13 1 0.4686904239631938 2 0.879596987827097 3 0.0033582651521355798 4 0.004502147552791138 5 -7.421036324338011e-06 6 1.1586616758068375e-07 7 -2.1399113639025944e-05 8 0.0006861336359728708 9 -8.89987613411118e-05 10 -0.0007418846363193739 14 -0.020509256773487822 15 -4.805259560182545e-06 16 -0.0014703784136446596 -0.002
13 1 -0.4686904239631938 2 -0.879596987827097 3 -0.0033582651521355798 4 -0.004502147552791138 5 7.421036324338011e-06 6 -1.1586616758068375e-07 7 2.1399113639025944e-05 8 -0.0006861336359728708 9 8.89987613411118e-05 10 0.0007418846363193739 14 0.020509256773487822 15 4.805259560182545e-06 16 0.0014703784136446596 0.004
1 1 1.0 4.6e-06
1 1 -1.0 4.6e-06
1 2 1.0 6.4e-06
1 2 -1.0 6.4e-06
1 3 1.0 7.3e-06
1 3 -1.0 7.3e-06
1 4 1.0 1.19e-05
1 4 -1.0 1.19e-05
1 5 1.0 3.16e-05
1 5 -1.0 3.16e-05
1 6 1.0 6.5e-06
1 6 -1.0 6.5e-06
1 7 1.0 1.69e-05
1 7 -1.0 1.69e-05
1 8 1.0 0.0002037
1 8 -1.0 0.0002037
1 9 1.0 1.73e-05
1 9 -1.0 1.73e-05
1 10 1.0 5.08e-05
1 10 -1.0 5.08e-05
1 11 1.0 1.8e-06
1 11 -1.0 1.8e-06
1 12 1.0 2e-07
1 12 -1.0 2e-07
1 13 1.0 6e-07
1 13 -1.0 6e-07
1 14 1.0 0.1
1 14 -1.0 -0.0
1 15 1.0 1.0
1 15 -1.0 -0.8
1 16 1.0 1.0
1 16 -1.0 -0.9
1 17 1.0 0.0
1 17 -1.0 0.0
1 18 1.0 20.0
1 18 -1.0 -20.0
38
13 1 0.32737182120524755 2 0.9400127395822121 3 0.0031815411682379613 4 0.0058011075201222515 5 -6.8272790009785915e-06 6 1.5339577396111765e-07 7 -1.4920662108983544e-05 8 0.0007509388005764881 9 3.075981477845002e-06 10 -0.0007660153511063507 14 -0.0259480977998613 15 -6.088013975152631e-06 16 -0.001859833592747748 -0.002
13 1 -0.32737182120524755 2 -0.9400127395822121 3 -0.0031815411682379613 4 -0.0058011075201222515 5 6.8272790009785915e-06 6 -1.5339577396111765e-07 7 1.4920662108983544e-05 8 -0.0007509388005764881 9 -3.075981477845002e-06 10 0.0007660153511063507 14 0.0259480977998613 15 6.088013975152631e-06 16 0.001859833592747748 0.004
1 1 1.0 4.6e-06
1 1 -1.0 4.6e-06
1 2 1.0 6.4e-06
1 2 -1.0 6.4e-06
1 3 1.0 7.3e-06
1 3 -1.0 7.3e-06
1 4 1.0 1.19e-05
1 4 -1.0 1.19e-05
1 5 1.0 3.16e-05
1 5 -1.0 3.16e-05
1 6 1.0 6.5e-06
1 6 -1.0 6.5e-06
1 7 1.0 1.69e-05
1 7 -1.0 1.69e-05
1 8 1.0 0.0002037
1 8 -1.0 0.0002037
1 9 1.0 1.73e-05
1 9 -1.0 1.73e-05
1 10 1.0 5.08e-05
1 10 -1.0 5.08e-05
1 11 1.0 1.8e-06
1 11 -1.0 1.8e-06
1 12 1.0 2e-07
1 12 -1.0 2e-07
1 13 1.0 6e-07
1 13 -1.0 6e-07
1 14 1.0 0.1
1 14 -1.0 -0.0
1 15 1.0 1.0
1 15 -1.0 -0.8
1 16 1.0 1.0
1 16 -1.0 -0.9
1 17 1.0 0.0
1 17 -1.0 0.0
1 18 1.0 20.0
1 18 -1.0 -20.0
38
13 1 0.1784262146626292 2 0.9778083389380867 3 0.002616925710630504 4 0.006951022987178559 5 -7.401281055619197e-06 6 1.1286867508027885e-06 7 2.2482954600264666e-06 8 0.0007816925629343931 9 -1.1222595289593671e-05 10 -0.0009098546904575791 14 -0.03168100339123271 15 -7.437504139730722e-06 16 -0.0022707560620277407 -0.002
13 1 -0.1784262146626292 2 -0.9778083389380867 3 -0.002616925710630504 4 -0.006951022987178559 5 7.401281055619197e-06 6 -1.1286867508027885e-06 7 -2.2482954600264666e-06 8 -0.0007816925629343931 9 1.1222595289593671e-05 10 0.0009098546904575791 14 0.03168100339123271 15 7.437504139730722e-06 16 0.0022707560620277407 0.004
1 1 1.0 4.6e-06
1 1 -1.0 4.6e-06
1 2 1.0 6.4e-06
1 2 -1.0 6.4e-06
1 3 1.0 7.3e-06
1 3 -1.0 7.3e-06
1 4 1.0 1.19e-05
1 4 -1.0 1.19e-05
1 5 1.0 3.16e-05
1 5 -1.0 3.16e-05
1 6 1.0 6.5e-06
1 6 -1.0 6.5e-06
1 7 1.0 1.69e-05
1 7 -1.0 1.69e-05
1 8 1.0 0.0002037
1 8 -1.0 0.0002037
1 9 1.0 1.73e-05
1 9 -1.0 1.73e-05
1 10 1.0 5.08e-05
1 10 -1.0 5.08e-05
1 11 1.0 1.8e-06
1 11 -1.0 1.8e-06
1 12 1.0 2e-07
1 12 -1.0 2e-07
1 13 1.0 6e-07
1 13 -1.0 6e-07
1 14 1.0 0.1
1 14 -1.0 -0.0
1 15 1.0 1.0
1 15 -1.0 -0.8
1 16 1.0 1.0
1 16 -1.0 -0.9
1 17 1.0 0.0
1 17 -1.0 0.0
1 18 1.0 20.0
1 18 -1.0 -20.0
38
13 1 0.025434825231194478 2 0.9921122989491089 3 0.001707261152265312 4 0.007804423126935495 5 -8.560883723033678e-06 6 6.343420154057895e-07 7 7.31179146516801e-06 8 0.0007794279713507704 9 -0.00012686277484482195 10 -0.0008948945541368985 14 -0.03757189350919976 15 -8.820571799798476e-06 16 -0.002692484870861571 -0.002
13 1 -0.025434825231194478 2 -0.9921122989491089 3 -0.001707261152265312 4 -0.007804423126935495 5 8.560883723033678e-06 6 -6.343420154057895e-07 7 -7.31179146516801e-06 8 -0.0007794279713507704 9 0.00012686277484482195 10 0.0008948945541368985 14 0.03757189350919976 15 8.820571799798476e-06 16 0.002692484870861571 0.004
1 1 1.0 4.6e-06
1 1 -1.0 4.6e-06
1 2 1.0 6.4e-06
1 2 -1.0 6.4e-06
1 3 1.0 7.3e-06
1 3 -1.0 7.3e-06
1 4 1.0 1.19e-05
1 4 -1.0 1.19e-05
1 5 1.0 3.16e-05
1 5 -1.0 3.16e-05
1 6 1.0 6.5e-06
1 6 -1.0 6.5e-06
1 7 1.0 1.69e-05
1 7 -1.0 1.69e-05
1 8 1.0 0.0002037
1 8 -1.0 0.0002037
1 9 1.0 1.73e-05
1 9 -1.0 1.73e-05
1 10 1.0 5.08e-05
1 10 -1.0 5.08e-05
1 11 1.0 1.8e-06
1 11 -1.0 1.8e-06
1 12 1.0 2e-07
1 12 -1.0 2e-07
1 13 1.0 6e-07
1 13 -1.0 6e-07
1 14 1.0 0.1
1 14 -1.0 -0.0
1 15 1.0 1.0
1 15 -1.0 -0.8
1 16 1.0 1.0
1 16 -1.0 -0.9
1 17 1.0 0.0
1 17 -1.0 0.0
1 18 1.0 20.0
1 18 -1.0 -20.0
38
13 1 -0.1279296091392786 2 0.9826176418690665 3 0.0005477010391338979 4 0.008241676232303081 5 -8.00701087692929e-06 6 -4.2806885900693914e-07 7 -2.6985195941376787e-06 8 0.0007692566636139736 9 -8.055812190003664e-05 10 -0.0007984374575197051 14 -0.04348056241896558 15 -1.0212972697338558e-05 16 -0.003115196345445267 -0.002
13 1 0.1279296091392786 2 -0.9826176418690665 3 -0.0005477010391338979 4 -0.008241676232303081 5 8.00701087692929e-06 6 4.2806885900693914e-07 7 2.6985195941376787e-06 8 -0.0007692566636139736 9 8.055812190003664e-05 10 0.0007984374575197051 14 0.04348056241896558 15 1.0212972697338558e-05 16 0.003115196345445267 0.004
1 1 1.0 4.6e-06
1 1 -1.0 4.6e-06
1 2 1.0 6.4e-06
1 2 -1.0 6.4e-06
1 3 1.0 7.3e-06
1 3 -1.0 7.3e-06
1 4 1.0 1.19e-05
1 4 -1.0 1.19e-05
1 5 1.0 3.16e-05
1 5 -1.0 3.16e-05
1 6 1.0 6.5e-06
1 6 -1.0 6.5e-06
1 7 1.0 1.69e-05
1 7 -1.0 1.69e-05
1 8 1.0 0.0002037
1 8 -1.0 0.0002037
1 9 1.0 1.73e-05
1 9 -1.0 1.73e-05
1 10 1.0 5.08e-05
1 10 -1.0 5.08e-05
1 11 1.0 1.8e-06
1 11 -1.0 1.8e-06
1 12 1.0 2e-07
1 12 -1.0 2e-07
1 13 1.0 6e-07
1 13 -1.0 6e-07
1 14 1.0 0.1
1 14 -1.0 -0.0
1 15 1.0 1.0
1 15 -1.0 -0.8
1 16 1.0 1.0
1 16 -1.0 -0.9
1 17 1.0 0.0
1 17 -1.0 0.0
1 18 1.0 20.0
1 18 -1.0 -20.0
38
13 1 -0.27799102640895906 2 0.9495884170051164 3 -0.0007281329323288883 4 0.008189307109761026 5 -6.9148918958890835e-06 6 9.290697062685607e-08 7 -8.358817660855121e-06 8 0.0007568132100773644 9 -1.8571036351843054e-05 10 -0.0008508676652696423 14 -0.04926602719523224 15 -1.1579997658153666e-05 16 -0.0035295670809586707 -0.002
13 1 0.27799102640895906 2 -0.9495884170051164 3 0.0007281329323288883 4 -0.008189307109761026 5 6.9148918958890835e-06 6 -9.290697062685607e-08 7 8.358817660855121e-06 8 -0.0007568132100773644 9 1.8571036351843054e-05 10 0.0008508676652696423 14 0.04926602719523224 15 1.1579997658153666e-05 16 0.0035295670809586707 0.004
1 1 1.0 4.6e-06
1 1 -1.0 4.6e-06
1 2 1.0 6.4e-06
1 2 -1.0 6.4e-06
1 3 1.0 7.3e-06
1 3 -1.0 7.3e-06
1 4 1.0 1.19e-05
1 4 -1.0 1.19e-05
1 5 1.0 3.16e-05
1 5 -1.0 3.16e-05
1 6 1.0 6.5e-06
1 6 -1.0 6.5e-06
1 7 1.0 1.69e-05
1 7 -1.0 1.69e-05
1 8 1.0 0.0002037
1 8 -1.0 0.0002037
1 9 1.0 1.73e-05
1 9 -1.0 1.73e-05
1 10 1.0 5.08e-05
1 10 -1.0 5.08e-05
1 11 1.0 1.8e-06
1 11 -1.0 1.8e-06
1 12 1.0 2e-07
1 12 -1.0 2e-07
1 13 1.0 6e-07
1 13 -1.0 6e-07
1 14 1.0 0.1
1 14 -1.0 -0.0
1 15 1.0 1.0
1 15 -1.0 -0.8
1 16 1.0 1.0
1 16 -1.0 -0.9
1 17 1.0 0.0
1 17 -1.0 0.0
1 18 1.0 20.0
1 18 -1.0 -20.0
38
13 1 -0.42115817249907894 2 0.8938524319788187 3 -0.0019680022094438507 4 0.0076315064159457316 5 -7.244538356226103e-06 6 7.362468607618087e-07 7 1.3660991758638781e-06 8 0.000723721955664839 9 -0.00012019901354743628 10 -0.0008521592193473926 14 -0.054790230355965454 15 -1.2879960606475874e-05 16 -0.0039250792860936285 -0.002
13 1 0.42115817249907894 2 -0.8938524319788187 3 0.0019680022094438507 4 -0.0076315064159457316 5 7.244538356226103e-06 6 -7.362468607618087e-07 7 -1.3660991758638781e-06 8 -0.000723721955664839 9 0.00012019901354743628 10 0.0008521592193473926 14 0.054790230355965454 15 1.2879960606475874e-05 16 0.0039250792860936285 0.004
1 1 1.0 4.6e-06
1 1 -1.0 4.6e-06
1 2 1.0 6.4e-06
1 2 -1.0 6.4e-06
1 3 1.0 7.3e-06
1 3 -1.0 7.3e-06
1 4 1.0 1.19e-05
1 4 -1.0 1.19e-05
1 5 1.0 3.16e-05
1 5 -1.0 3.16e-05
1 6 1.0 6.5e-06
1 6 -1.0 6.5e-06
1 7 1.0 1.69e-05
1 7 -1.0 1.69e-05
1 8 1.0 0.0002037
1 8 -1.0 0.0002037
1 9 1.0 1.73e-05
1 9 -1.0 1.73e-05
1 10 1.0 5.08e-05
1 10 -1.0 5.08e-05
1 11 1.0 1.8e-06
1 11 -1.0 1.8e-06
1 12 1.0 2e-07
1 12 -1.0 2e-07
1 13 1.0 6e-07
1 13 -1.0 6e-07
1 14 1.0 0.1
1 14 -1.0 -0.0
1 15 1.0 1.0
1 15 -1.0 -0.8
1 16 1.0 1.0
1 16 -1.0 -0.9
1 17 1.0 0.0
1 17 -1.0 0.0
1 18 1.0 20.0
1 18 -1.0 -20.0
38
13 1 -0.5540105684498483 2 0.8167806707819633 3 -0.0030238481810023927 4 0.006613019083323006 5 -7.321434228972891e-06 6 -2.246124926196461e-07 7 1.4577051310649637e-05 8 0.0006601997202835335 9 -0.0001446978057676956 10 -0.0006845788139508037 14 -0.05992090968607573 15 -1.4086274036569624e-05 16 -0.004291847009531963 -0.002
13 1 0.5540105684498483 2 -0.8167806707819633 3 0.0030238481810023927 4 -0.006613019083323006 5 7.321434228972891e-06 6 2.246124926196461e-07 7 -1.4577051310649637e-05 8 -0.0006601997202835335 9 0.0001446978057676956 10 0.0006845788139508037 14 0.05992090968607573 15 1.4086274036569624e-05 16 0.004291847009531963 0.004
1 1 1.0 4.6e-06
1 1 -1.0 4.6e-06
1 2 1.0 6.4e-06
1 2 -1.0 6.4e-06
1 3 1.0 7.3e-06
1 3 -1.0 7.3e-06
1 4 1.0 1.19e-05
1 4 -1.0 1.19e-05
1 5 1.0 3.16e-05
1 5 -1.0 3.16e-05
1 6 1.0 6.5e-06
1 6 -1.0 6.5e-06
1 7 1.0 1.69e-05
1 7 -1.0 1.69e-05
1 8 1.0 0.0002037
1 8 -1.0 0.0002037
1 9 1.0 1.73e-05
1 9 -1.0 1.73e-05
1 10 1.0 5.08e-05
1 10 -1.0 5.08e-05
1 11 1.0 1.8e-06
1 11 -1.0 1.8e-06
1 12 1.0 2e-07
1 12 -1.0 2e-07
1 13 1.0 6e-07
1 13 -1.0 6e-07
1 14 1.0 0.1
1 14 -1.0 -0.0
1 15 1.0 1.0
1 15 -1.0 -0.8
1 16 1.0 1.0
1 16 -1.0 -0.9
1 17 1.0 0.0
1 17 -1.0 0.0
1 18 1.0 20.0
1 18 -1.0 -20.0
38
13 1 -0.49671019848610415 2 -0.8464637681571555 3 -0.000643047407359182 4 -0.0029840300166307995 5 7.283443177320594e-06 6 -4.950017733869316e-07 7 5.848564560550427e-06 8 -0.0006677415746088844 9 -3.1154366610948014e-05 10 0.0007223924323946077 14 -0.05769342094547039 15 -1.3609524524056528e-05 16 -0.004128236899247937 -0.002
13 1 0.49671019848610415 2 0.8464637681571555 3 0.000643047407359182 4 0.0029840300166307995 5 -7.283443177320594e-06 6 4.950017733869316e-07 7 -5.848564560550427e-06 8 0.0006677415746088844 9 3.1154366610948014e-05 10 -0.0007223924323946077 14 0.05769342094547039 15 1.3609524524056528e-05 16 0.004128236899247937 0.004
1 1 1.0 4.6e-06
1 1 -1.0 4.6e-06
1 2 1.0 6.4e-06
1 2 -1.0 6.4e-06
1 3 1.0 7.3e-06
1 3 -1.0 7.3e-06
1 4 1.0 1.19e-05
1 4 -1.0 1.19e-05
1 5 1.0 3.16e-05
1 5 -1.0 3.16e-05
1 6 1.0 6.5e-06
1 6 -1.0 6.5e-06
1 7 1.0 1.69e-05
1 7 -1.0 1.69e-05
1 8 1.0 0.0002037
1 8 -1.0 0.0002037
1 9 1.0 1.73e-05
1 9 -1.0 1.73e-05
1 10 1.0 5.08e-05
1 10 -1.0 5.08e-05
1 11 1.0 1.8e-06
1 11 -1.0 1.8e-06
1 12 1.0 2e-07
1 12 -1.0 2e-07
1 13 1.0 6e-07
1 13 -1.0 6e-07
1 14 1.0 0.1
1 14 -1.0 -0.0
1 15 1.0 1.0
1 15 -1.0 -0.8
1 16 1.0 1.0
1 16 -1.0 -0.9
1 17 1.0 0.0
1 17 -1.0 0.0
1 18 1.0 20.0
1 18 -1.0 -20.0
38
13 1 -0.36016783743228065 2 -0.911645591173529 3 -0.0012144675251976188 4 -0.00333807841563217 5 7.019747587189801e-06 6 -5.483908492088231e-08 7 1.0387905956853886e-05 8 -0.000717053271619563 9 2.831974585176161e-05 10 0.0008574924392007622 14 -0.052426116411965255 15 -1.2366894052454323e-05 16 -0.0037507268444845984 -0.002
13 1 0.36016783743228065 2 0.911645591173529 3 0.0012144675251976188 4 0.00333807841563217 5 -7.019747587189801e-06 6 5.483908492088231e-08 7 -1.0387905956853886e-05 8 0.000717053271619563 9 -2.831974585176161e-05 10 -0.0008574924392007622 14 0.052426116411965255 15 1.2366894052454323e-05 16 0.0037507268444845984 0.004
1 1 1.0 4.6e-06
1 1 -1.0 4.6e-06
1 2 1.0 6.4e-06
1 2 -1.0 6.4e-06
1 3 1.0 7.3e-06
1 3 -1.0 7.3e-06
1 4 1.0 1.19e-05
1 4 -1.0 1.19e-05
1 5 1.0 3.16e-05
1 5 -1.0 3.16e-05
1 6 1.0 6.5e-06
1 6 -1.0 6.5e-06
1 7 1.0 1.69e-05
1 7 -1.0 1.69e-05
1 8 1.0 0.0002037
1 8 -1.0 0.0002037
1 9 1.0 1.73e-05
1 9 -1.0 1.73e-05
1 10 1.0 5.08e-05
1 10 -1.0 5.08e-05
1 11 1.0 1.8e-06
1 11 -1.0 1.8e-06
1 12 1.0 2e-07
1 12 -1.0 2e-07
1 13 1.0 6e-07
1 13 -1.0 6e-07
1 14 1.0 0.1
1 14 -1.0 -0.0
1 15 1.0 1.0
1 15 -1.0 -0.8
1 16 1.0 1.0
1 16 -1.0 -0.9
1 17 1.0 0.0
1 17 -1.0 0.0
1 18 1.0 20.0
1 18 -1.0 -20.0
38
13 1 -0.2152058111325912 2 -0.9548814980743848 3 -0.0017127112877684794 4 -0.003908583573404804 5 7.0901086712595266e-06 6 -7.673105592670682e-07 7 1.0845575772893209e-05 8 -0.0007556317914159188 9 0.00010526531444574419 10 0.0008301567650871012 14 -0.04683867322516966 15 -1.1051871218582931e-05 16 -0.0033508064829527633 -0.002
13 1 0.2152058111325912 2 0.9548814980743848 3 0.0017127112877684794 4 0.003908583573404804 5 -7.0901086712595266e-06 6 7.673105592670682e-07 7 -1.0845575772893209e-05 8 0.0007556317914159188 9 -0.00010526531444574419 10 -0.0008301567650871012 14 0.04683867322516966 15 1.1051871218582931e-05 16 0.0033508064829527633 0.004
1 1 1.0 4.6e-06
1 1 -1.0 4.6e-06
1 2 1.0 6.4e-06
1 2 -1.0 6.4e-06
1 3 1.0 7.3e-06
1 3 -1.0 7.3e-06
1 4 1.0 1.19e-05
1 4 -1.0 1.19e-05
1 5 1.0 3.16e-05
1 5 -1.0 3.16e-05
1 6 1.0 6.5e-06
1 6 -1.0 6.5e-06
1 7 1.0 1.69e-05
1 7 -1.0 1.69e-05
1 8 1.0 0.0002037
1 8 -1.0 0.0002037
1 9 1.0 1.73e-05
1 9 -1.0 1.73e-05
1 10 1.0 5.08e-05
1 10 -1.0 5.08e-05
1 11 1.0 1.8e-06
1 11 -1.0 1.8e-06
1 12 1.0 2e-07
1 12 -1.0 2e-07
1 13 1.0 6e-07
1 13 -1.0 6e-07
1 14 1.0 0.1
1 14 -1.0 -0.0
1 15 1.0 1.0
1 15 -1.0 -0.8
1 16 1.0 1.0
1 16 -1.0 -0.9
1 17 1.0 0.0
1 17 -1.0 0.0
1 18 1.0 20.0
1 18 -1.0 -20.0
38
13 1 -0.0653107779701837 2 -0.9751691578315752 3 -0.002014519611886283 4 -0.004641590385428856 5 8.069851187784309e-06 6 -8.322938695420402e-07 7 3.462608793411572e-06 8 -0.0007765432244135202 9 3.9209626598241694e-05 10 0.0008033598345330832 14 -0.04106506302292565 15 -9.696490469746773e-06 16 -0.002937554521621349 -0.002
13 1 0.0653107779701837 2 0.9751691578315752 3 0.002014519611886283 4 0.004641590385428856 5 -8.069851187784309e-06 6 8.322938695420402e-07 7 -3.462608793411572e-06 8 0.0007765432244135202 9 -3.9209626598241694e-05 10 -0.0008033598345330832 14 0.04106506302292565 15 9.696490469746773e-06 16 0.002937554521621349 0.004
1 1 1.0 4.6e-06
1 1 -1.0 4.6e-06
1 2 1.0 6.4e-06
1 2 -1.0 6.4e-06
1 3 1.0 7.3e-06
1 3 -1.0 7.3e-06
1 4 1.0 1.19e-05
1 4 -1.0 1.19e-05
1 5 1.0 3.16e-05
1 5 -1.0 3.16e-05
1 6 1.0 6.5e-06
1 6 -1.0 6.5e-06
1 7 1.0 1.69e-05
1 7 -1.0 1.69e-05
1 8 1.0 0.0002037
1 8 -1.0 0.0002037
1 9 1.0 1.73e-05
1 9 -1.0 1.73e-05
1 10 1.0 5.08e-05
1 10 -1.0 5.08e-05
1 11 1.0 1.8e-06
1 11 -1.0 1.8e-06
1 12 1.0 2e-07
1 12 -1.0 2e-07
1 13 1.0 6e-07
1 13 -1.0 6e-07
1 14 1.0 0.1
1 14 -1.0 -0.0
1 15 1.0 1.0
1 15 -1.0 -0.8
1 16 1.0 1.0
1 16 -1.0 -0.9
1 17 1.0 0.0
1 17 -1.0 0.0
1 18 1.0 20.0
1 18 -1.0 -20.0
38
13 1 0.08591773087971899 2 -0.9720574724837573 3 -0.0020261488336080803 4 -0.005439309928256451 5 8.123547077503006e-06 6 9.175328196102975e-08 7 -4.114559898242821e-06 8 -0.0007707593758180299 9 2.9508872400813017e-05 10 0.0008863953250988709 14 -0.035242967233972314 15 -8.324532941756918e-06 16 -0.0025204468384910396 -0.002
13 1 -0.08591773087971899 2 0.9720574724837573 3 0.0020261488336080803 4 0.005439309928256451 5 -8.123547077503006e-06 6 -9.175328196102975e-08 7 4.114559898242821e-06 8 0.0007707593758180299 9 -2.9508872400813017e-05 10 -0.0008863953250988709 14 0.035242967233972314 15 8.324532941756918e-06 16 0.0025204468384910396 0.004
1 1 1.0 4.6e-06
1 1 -1.0 4.6e-06
1 2 1.0 6.4e-06
1 2 -1.0 6.4e-06
1 3 1.0 7.3e-06
1 3 -1.0 7.3e-06
1 4 1.0 1.19e-05
1 4 -1.0 1.19e-05
1 5 1.0 3.16e-05
1 5 -1.0 3.16e-05
1 6 1.0 6.5e-06
1 6 -1.0 6.5e-06
1 7 1.0 1.69e-05
1 7 -1.0 1.69e-05
1 8 1.0 0.0002037
1 8 -1.0 0.0002037
1 9 1.0 1.73e-05
1 9 -1.0 1.73e-05
1 10 1.0 5.08e-05
1 10 -1.0 5.08e-05
1 11 1.0 1.8e-06
1 11 -1.0 1.8e-06
1 12 1.0 2e-07
1 12 -1.0 2e-07
1 13 1.0 6e-07
1 13 -1.0 6e-07
1 14 1.0 0.1
1 14 -1.0 -0.0
1 15 1.0 1.0
1 15 -1.0 -0.8
1 16 1.0 1.0
1 16 -1.0 -0.9
1 17 1.0 0.0
1 17 -1.0 0.0
1 18 1.0 20.0
1 18 -1.0 -20.0
38
13 1 0.23485373734255774 2 -0.9456565652907541 3 -0.0016990247881319607 4 -0.006175197467137111 5 7.115170708553281e-06 6 1.7580545759680657e-07 7 -3.975972021241171e-06 8 -0.0007434962050005685 9 0.0001257822941981027 10 0.0008603354020241095 14 -0.029510438221845653 15 -6.970580578949272e-06 16 -0.0021100819950855276 -0.002
13 1 -0.23485373734255774 2 0.9456565652907541 3 0.0016990247881319607 4 0.006175197467137111 5 -7.115170708553281e-06 6 -1.7580545759680657e-07 7 3.975972021241171e-06 8 0.0007434962050005685 9 -0.0001257822941981027 10 -0.0008603354020241095 14 0.029510438221845653 15 6.970580578949272e-06 16 0.0021100819950855276 0.004
1 1 1.0 4.6e-06
1 1 -1.0 4.6e-06
1 2 1.0 6.4e-06
1 2 -1.0 6.4e-06
1 3 1.0 7.3e-06
1 3 -1.0 7.3e-06
1 4 1.0 1.19e-05
1 4 -1.0 1.19e-05
1 5 1.0 3.16e-05
1 5 -1.0 3.16e-05
1 6 1.0 6.5e-06
1 6 -1.0 6.5e-06
1 7 1.0 1.69e-05
1 7 -1.0 1.69e-05
1 8 1.0 0.0002037
1 8 -1.0 0.0002037
1 9 1.0 1.73e-05
1 9 -1.0 1.73e-05
1 10 1.0 5.08e-05
1 10 -1.0 5.08e-05
1 11 1.0 1.8e-06
1 11 -1.0 1.8e-06
1 12 1.0 2e-07
1 12 -1.0 2e-07
1 13 1.0 6e-07
1 13 -1.0 6e-07
1 14 1.0 0.1
1 14 -1.0 -0.0
1 15 1.0 1.0
1 15 -1.0 -0.8
1 16 1.0 1.0
1 16 -1.0 -0.9
1 17 1.0 0.0
1 17 -1.0 0.0
1 18 1.0 20.0
1 18 -1.0 -20.0
38
13 1 0.3779316813781419 2 -0.8966344693358987 3 -0.001038304434165108 4 -0.00671390608281599 5 6.865415858002682e-06 6 -4.987236794481262e-07 7 -2.3133058116954718e-07 8 -0.0007073941053879081 9 0.00010548324661506652 10 0.0007361914865267211 14 -0.024003196630485123 15 -5.673913264003428e-06 16 -0.0017161748204275304 -0.002
13 1 -0.3779316813781419 2 0.8966344693358987 3 0.001038304434165108 4 0.00671390608281599 5 -6.865415858002682e-06 6 4.987236794481262e-07 7 2.3133058116954718e-07 8 0.0007073941053879081 9 -0.00010548324661506652 10 -0.0007361914865267211 14 0.024003196630485123 15 5.673913264003428e-06 16 0.0017161748204275304 0.004
1 1 1.0 4.6e-06
1 1 -1.0 4.6e-06
1 2 1.0 6.4e-06
1 2 -1.0 6.4e-06
1 3 1.0 7.3e-06
1 3 -1.0 7.3e-06
1 4 1.0 1.19e-05
1 4 -1.0 1.19e-05
1 5 1.0 3.16e-05
1 5 -1.0 3.16e-05
1 6 1.0 6.5e-06
1 6 -1.0 6.5e-06
1 7 1.0 1.69e-05
1 7 -1.0 1.69e-05
1 8 1.0 0.0002037
1 8 -1.0 0.0002037
1 9 1.0 1.73e-05
1 9 -1.0 1.73e-05
1 10 1.0 5.08e-05
1 10 -1.0 5.08e-05
1 11 1.0 1.8e-06
1 11 -1.0 1.8e-06
1 12 1.0 2e-07
1 12 -1.0 2e-07
1 13 1.0 6e-07
1 13 -1.0 6e-07
1 14 1.0 0.1
1 14 -1.0 -0.0
1 15 1.0 1.0
1 15 -1.0 -0.8
1 16 1.0 1.0
1 16 -1.0 -0.9
1 17 1.0 0.0
1 17 -1.0 0.0
1 18 1.0 20.0
1 18 -1.0 -20.0
38
13 1 0.5117318114781109 2 -0.8262003560851297 3 -0.00010302557075924223 4 -0.006932998892461872 5 7.101045204761754e-06 6 -1.7068286097977073e-07 7 -2.248042779257665e-06 8 -0.0006603674120888152 9 3.934800538393175e-05 10 0.0007242251781803578 14 -0.018851593605657302 15 -4.461551444704205e-06 16 -0.0013473653606639526 -0.002
13 1 -0.5117318114781109 2 0.8262003560851297 3 0.00010302557075924223 4 0.006932998892461872 5 -7.101045204761754e-06 6 1.7068286097977073e-07 7 2.248042779257665e-06 8 0.0006603674120888152 9 -3.934800538393175e-05 10 -0.0007242251781803578 14 0.018851593605657302 15 4.461551444704205e-06 16 0.0013473653606639526 0.004
1 1 1.0 4.6e-06
1 1 -1.0 4.6e-06
1 2 1.0 6.4e-06
1 2 -1.0 6.4e-06
1 3 1.0 7.3e-06
1 3 -1.0 7.3e-06
1 4 1.0 1.19e-05
1 4 -1.0 1.19e-05
1 5 1.0 3.16e-05
1 5 -1.0 3.16e-05
1 6 1.0 6.5e-06
1 6 -1.0 6.5e-06
1 7 1.0 1.69e-05
1 7 -1.0 1.69e-05
1 8 1.0 0.0002037
1 8 -1.0 0.0002037
1 9 1.0 1.73e-05
1 9 -1.0 1.73e-05
1 10 1.0 5.08e-05
1 10 -1.0 5.08e-05
1 11 1.0 1.8e-06
1 11 -1.0 1.8e-06
1 12 1.0 2e-07
1 12 -1.0 2e-07
1 13 1.0 6e-07
1 13 -1.0 6e-07
1 14 1.0 0.1
1 14 -1.0 -0.0
1 15 1.0 1.0
1 15 -1.0 -0.8
1 16 1.0 1.0
1 16 -1.0 -0.9
1 17 1.0 0.0
1 17 -1.0 0.0
1 18 1.0 20.0
1 18 -1.0 -20.0
38
13 1 0.6330619147743723 2 -0.7360747295925856 3 0.0010022441055342096 4 -0.006743011526842906 5 6.121078439626374e-06 6 6.763827177364033e-07 7 -9.74129458956356e-06 8 -0.0005917133945524183 9 0.00010737774297011634 10 0.0007028854056075582 14 -0.014177333839647283 15 -3.3567114385676215e-06 16 -0.0010127467471043334 -0.002
13 1 -0.6330619147743723 2 0.7360747295925856 3 -0.0010022441055342096 4 0.006743011526842906 5 -6.121078439626374e-06 6 -6.763827177364033e-07 7 9.74129458956356e-06 8 0.0005917133945524183 9 -0.00010737774297011634 10 -0.0007028854056075582 14 0.014177333839647283 15 3.3567114385676215e-06 16 0.0010127467471043334 0.004
1 1 1.0 4.6e-06
1 1 -1.0 4.6e-06
1 2 1.0 6.4e-06
1 2 -1.0 6.4e-06
1 3 1.0 7.3e-06
1 3 -1.0 7.3e-06
1 4 1.0 1.19e-05
1 4 -1.0 1.19e-05
1 5 1.0 3.16e-05
1 5 -1.0 3.16e-05
1 6 1.0 6.5e-06
1 6 -1.0 6.5e-06
1 7 1.0 1.69e-05
1 7 -1.0 1.69e-05
1 8 1.0 0.0002037
1 8 -1.0 0.0002037
1 9 1.0 1.73e-05
1 9 -1.0 1.73e-05
1 10 1.0 5.08e-05
1 10 -1.0 5.08e-05
1 11 1.0 1.8e-06
1 11 -1.0 1.8e-06
1 12 1.0 2e-07
1 12 -1.0 2e-07
1 13 1.0 6e-07
1 13 -1.0 6e-07
1 14 1.0 0.1
1 14 -1.0 -0.0
1 15 1.0 1.0
1 15 -1.0 -0.8
1 16 1.0 1.0
1 16 -1.0 -0.9
1 17 1.0 0.0
1 17 -1.0 0.0
1 18 1.0 20.0
1 18 -1.0 -20.0
38
13 1 0.6422359646173281 2 0.7234523923614303 3 -0.00029560523023184986 4 0.005547994499595894 5 -5.475564323489084e-06 6 1.1661787693797313e-06 7 -1.4614354247244138e-05 8 0.0005774254823503957 9 4.692100644661407e-05 10 -0.0006444693138567504 14 -0.013788492952842261 15 -3.2297983955340786e-06 16 -0.0009890617723290727 -0.002
13 1 -0.6422359646173281 2 -0.7234523923614303 3 0.00029560523023184986 4 -0.005547994499595894 5 5.475564323489084e-06 6 -1.1661787693797313e-06 7 1.4614354247244138e-05 8 -0.0005774254823503957 9 -4.692100644661407e-05 10 0.0006444693138567504 14 0.013788492952842261 15 3.2297983955340786e-06 16 0.0009890617723290727 0.004
1 1 1.0 4.6e-06
1 1 -1.0 4.6e-06
1 2 1.0 6.4e-06
1 2 -1.0 6.4e-06
1 3 1.0 7.3e-06
1 3 -1.0 7.3e-06
1 4 1.0 1.19e-05
1 4 -1.0 1.19e-05
1 5 1.0 3.16e-05
1 5 -1.0 3.16e-05
1 6 1.0 6.5e-06
1 6 -1.0 6.5e-06
1 7 1.0 1.69e-05
1 7 -1.0 1.69e-05
1 8 1.0 0.0002037
1 8 -1.0 0.0002037
1 9 1.0 1.73e-05
1 9 -1.0 1.73e-05
1 10 1.0 5.08e-05
1 10 -1.0 5.08e-05
1 11 1.0 1.8e-06
1 11 -1.0 1.8e-06
1 12 1.0 2e-07
1 12 -1.0 2e-07
1 13 1.0 6e-07
1 13 -1.0 6e-07
1 14 1.0 0.1
1 14 -1.0 -0.0
1 15 1.0 1.0
1 15 -1.0 -0.8
1 16 1.0 1.0
1 16 -1.0 -0.9
1 17 1.0 0.0
1 17 -1.0 0.0
1 18 1.0 20.0
1 18 -1.0 -20.0
38
13 1 0.5229274496695487 2 0.8127463451388508 3 -0.0008657954537011354 4 0.005292830760939882 5 -6.950707085935402e-06 6 9.038465937213575e-07 7 -9.335510447252649e-06 8 0.0006494083687948981 9 -3.347360317938418e-05 10 -0.0007643531217792931 14 -0.01840102607148635 15 -4.311285905967023e-06 16 -0.0013196220434192666 -0.002
13 1 -0.5229274496695487 2 -0.8127463451388508 3 0.0008657954537011354 4 -0.005292830760939882 5 6.950707085935402e-06 6 -9.038465937213575e-07 7 9.335510447252649e-06 8 -0.0006494083687948981 9 3.347360317938418e-05 10 0.0007643531217792931 14 0.01840102607148635 15 4.311285905967023e-06 16 0.0013196220434192666 0.004
1 1 1.0 4.6e-06
1 1 -1.0 4.6e-06
1 2 1.0 6.4e-06
1 2 -1.0 6.4e-06
1 3 1.0 7.3e-06
1 3 -1.0 7.3e-06
1 4 1.0 1.19e-05
1 4 -1.0 1.19e-05
1 5 1.0 3.16e-05
1 5 -1.0 3.16e-05
1 6 1.0 6.5e-06
1 6 -1.0 6.5e-06
1 7 1.0 1.69e-05
1 7 -1.0 1.69e-05
1 8 1.0 0.0002037
1 8 -1.0 0.0002037
1 9 1.0 1.73e-05
1 9 -1.0 1.73e-05
1 10 1.0 5.08e-05
1 10 -1.0 5.08e-05
1 11 1.0 1.8e-06
1 11 -1.0 1.8e-06
1 12 1.0 2e-07
1 12 -1.0 2e-07
1 13 1.0 6e-07
1 13 -1.0 6e-07
1 14 1.0 0.1
1 14 -1.0 -0.0
1 15 1.0 1.0
1 15 -1.0 -0.8
1 16 1.0 1.0
1 16 -1.0 -0.9
1 17 1.0 0.0
1 17 -1.0 0.0
1 18 1.0 20.0
1 18 -1.0 -20.0
38
13 1 0.39127295455543937 2 0.8824249592848958 3 -0.0011284106991426982 4 0.004869471291156411 5 -7.227066901613489e-06 6 1.1778260395730652e-07 7 -5.945861102995872e-06 8 0.0007021185529122685 9 -6.871291670878823e-05 10 -0.0007539339218662724 14 -0.023490353747491137 15 -5.50808113868939e-06 16 -0.0016838842438478428 -0.002
13 1 -0.39127295455543937 2 -0.8824249592848958 3 0.0011284106991426982 4 -0.004869471291156411 5 7.227066901613489e-06 6 -1.1778260395730652e-07 7 5.945861102995872e-06 8 -0.0007021185529122685 9 6.871291670878823e-05 10 0.0007539339218662724 14 0.023490353747491137 15 5.50808113868939e-06 16 0.0016838842438478428 0.004
1 1 1.0 4.6e-06
1 1 -1.0 4.6e-06
1 2 1.0 6.4e-06
1 2 -1.0 6.4e-06
1 3 1.0 7.3e-06
1 3 -1.0 7.3e-06
1 4 1.0 1.19e-05
1 4 -1.0 1.19e-05
1 5 1.0 3.16e-05
1 5 -1.0 3.16e-05
1 6 1.0 6.5e-06
1 6 -1.0 6.5e-06
1 7 1.0 1.69e-05
1 7 -1.0 1.69e-05
1 8 1.0 0.0002037
1 8 -1.0 0.0002037
1 9 1.0 1.73e-05
1 9 -1.0 1.73e-05
1 10 1.0 5.08e-05
1 10 -1.0 5.08e-05
1 11 1.0 1.8e-06
1 11 -1.0 1.8e-06
1 12 1.0 2e-07
1 12 -1.0 2e-07
1 13 1.0 6e-07
1 13 -1.0 6e-07
1 14 1.0 0.1
1 14 -1.0 -0.0
1 15 1.0 1.0
1 15 -1.0 -0.8
1 16 1.0 1.0
1 16 -1.0 -0.9
1 17 1.0 0.0
1 17 -1.0 0.0
1 18 1.0 20.0
1 18 -1.0 -20.0
38
13 1 0.2504465743474931 2 0.9308495741992429 3 -0.001084953178733519 4 0.004402290988707272 5 -6.956972450512898e-06 6 4.1356649430233714e-07 7 -5.961228758153547e-06 8 0.0007397863583296338 9 -8.370284638259193e-06 10 -0.0007960388548910853 14 -0.028932155468220686 15 -6.790437519823873e-06 16 -0.0020735464819751125 -0.002
13 1 -0.2504465743474931 2 -0.9308495741992429 3 0.001084953178733519 4 -0.004402290988707272 5 6.956972450512898e-06 6 -4.1356649430233714e-07 7 5.961228758153547e-06 8 -0.0007397863583296338 9 8.370284638259193e-06 10 0.0007960388548910853 14 0.028932155468220686 15 6.790437519823873e-06 16 0.0020735464819751125 0.004
1 1 1.0 4.6e-06
1 1 -1.0 4.6e-06
1 2 1.0 6.4e-06
1 2 -1.0 6.4e-06
1 3 1.0 7.3e-06
1 3 -1.0 7.3e-06
1 4 1.0 1.19e-05
1 4 -1.0 1.19e-05
1 5 1.0 3.16e-05
1 5 -1.0 3.16e-05
1 6 1.0 6.5e-06
1 6 -1.0 6.5e-06
1 7 1.0 1.69e-05
1 7 -1.0 1.69e-05
1 8 1.0 0.0002037
1 8 -1.0 0.0002037
1 9 1.0 1.73e-05
1 9 -1.0 1.73e-05
1 10 1.0 5.08e-05
1 10 -1.0 5.08e-05
1 11 1.0 1.8e-06
1 11 -1.0 1.8e-06
1 12 1.0 2e-07
1 12 -1.0 2e-07
1 13 1.0 6e-07
1 13 -1.0 6e-07
1 14 1.0 0.1
1 14 -1.0 -0.0
1 15 1.0 1.0
1 15 -1.0 -0.8
1 16 1.0 1.0
1 16 -1.0 -0.9
1 17 1.0 0.0
1 17 -1.0 0.0
1 18 1.0 20.0
1 18 -1.0 -20.0
38
13 1 0.10383717415811572 2 0.9568932956388422 3 -0.0007877692697130763 4 0.004004781536350408 5 -7.629477181339983e-06 6 9.192578463451367e-07 7 -5.882984394382642e-06 8 0.0007612914365780675 9 -4.151885405217429e-05 10 -0.0008889690105512295 14 -0.03459414127459954 15 -8.122006187553788e-06 16 -0.0024791628468665288 -0.002
13 1 -0.10383717415811572 2 -0.9568932956388422 3 0.0007877692697130763 4 -0.004004781536350408 5 7.629477181339983e-06 6 -9.192578463451367e-07 7 5.882984394382642e-06 8 -0.0007612914365780675 9 4.151885405217429e-05 10 0.0008889690105512295 14 0.03459414127459954 15 8.122006187553788e-06 16 0.0024791628468665288 0.004
1 1 1.0 4.6e-06
1 1 -1.0 4.6e-06
1 2 1.0 6.4e-06
1 2 -1.0 6.4e-06
1 3 1.0 7.3e-06
1 3 -1.0 7.3e-06
1 4 1.0 1.19e-05
1 4 -1.0 1.19e-05
1 5 1.0 3.16e-05
1 5 -1.0 3.16e-05
1 6 1.0 6.5e-06
1 6 -1.0 6.5e-06
1 7 1.0 1.69e-05
1 7 -1.0 1.69e-05
1 8 1.0 0.0002037
1 8 -1.0 0.0002037
1 9 1.0 1.73e-05
1 9 -1.0 1.73e-05
1 10 1.0 5.08e-05
1 10 -1.0 5.08e-05
1 11 1.0 1.8e-06
1 11 -1.0 1.8e-06
1 12 1.0 2e-07
1 12 -1.0 2e-07
1 13 1.0 6e-07
1 13 -1.0 6e-07
1 14 1.0 0.1
1 14 -1.0 -0.0
1 15 1.0 1.0
1 15 -1.0 -0.8
1 16 1.0 1.0
1 16 -1.0 -0.9
1 17 1.0 0.0
1 17 -1.0 0.0
1 18 1.0 20.0
1 18 -1.0 -20.0
38
13 1 -0.04503312854560141 2 0.9599671060412482 3 -0.00033060315255205997 4 0.003760918537352622 5 -8.188808396737309e-06 6 2.6677180369013134e-07 7 -2.804472038300367e-06 8 0.000764600481037915 9 -0.00011514731288890536 10 -0.0008521532721304369 14 -0.04033945500212132 15 -9.47240382990179e-06 16 -0.0028903422205300536 -0.002
13 1 0.04503312854560141 2 -0.9599671060412482 3 0.00033060315255205997 4 -0.003760918537352622 5 8.188808396737309e-06 6 -2.6677180369013134e-07 7 2.804472038300367e-06 8 -0.000764600481037915 9 0.00011514731288890536 10 0.0008521532721304369 14 0.04033945500212132 15 9.47240382990179e-06 16 0.0028903422205300536 0.004
1 1 1.0 4.6e-06
1 1 -1.0 4.6e-06
1 2 1.0 6.4e-06
1 2 -1.0 6.4e-06
1 3 1.0 7.3e-06
1 3 -1.0 7.3e-06
1 4 1.0 1.19e-05
1 4 -1.0 1.19e-05
1 5 1.0 3.16e-05
1 5 -1.0 3.16e-05
1 6 1.0 6.5e-06
1 6 -1.0 6.5e-06
1 7 1.0 1.69e-05
1 7 -1.0 1.69e-05
1 8 1.0 0.0002037
1 8 -1.0 0.0002037
1 9 1.0 1.73e-05
1 9 -1.0 1.73e-05
1 10 1.0 5.08e-05
1 10 -1.0 5.08e-05
1 11 1.0 1.8e-06
1 11 -1.0 1.8e-06
1 12 1.0 2e-07
1 12 -1.0 2e-07
1 13 1.0 6e-07
1 13 -1.0 6e-07
1 14 1.0 0.1
1 14 -1.0 -0.0
1 15 1.0 1.0
1 15 -1.0 -0.8
1 16 1.0 1.0
1 16 -1.0 -0.9
1 17 1.0 0.0
1 17 -1.0 0.0
1 18 1.0 20.0
1 18 -1.0 -20.0
38
13 1 -0.19259354435163853 2 0.9400331631945701 3 0.0001673190947738364 4 0.0037116419442340285 5 -7.422716107813797e-06 6 -3.089310360657534e-07 7 2.2077058611778947e-06 8 0.0007488252576462851 9 -7.137354633223959e-05 10 -0.0007836173525135429 14 -0.046029768939545336 15 -1.0814470832052837e-05 16 -0.003297485077663899 -0.002
13 1 0.19259354435163853 2 -0.9400331631945701 3 -0.0001673190947738364 4 -0.0037116419442340285 5 7.422716107813797e-06 6 3.089310360657534e-07 7 -2.2077058611778947e-06 8 -0.0007488252576462851 9 7.137354633223959e-05 10 0.0007836173525135429 14 0.046029768939545336 15 1.0814470832052837e-05 16 0.003297485077663899 0.004
1 1 1.0 4.6e-06
1 1 -1.0 4.6e-06
1 2 1.0 6.4e-06
1 2 -1.0 6.4e-06
1 3 1.0 7.3e-06
1 3 -1.0 7.3e-06
1 4 1.0 1.19e-05
1 4 -1.0 1.19e-05
1 5 1.0 3.16e-05
1 5 -1.0 3.16e-05
1 6 1.0 6.5e-06
1 6 -1.0 6.5e-06
1 7 1.0 1.69e-05
1 7 -1.0 1.69e-05
1 8 1.0 0.0002037
1 8 -1.0 0.0002037
1 9 1.0 1.73e-05
1 9 -1.0 1.73e-05
1 10 1.0 5.08e-05
1 10 -1.0 5.08e-05
1 11 1.0 1.8e-06
1 11 -1.0 1.8e-06
1 12 1.0 2e-07
1 12 -1.0 2e-07
1 13 1.0 6e-07
1 13 -1.0 6e-07
1 14 1.0 0.1
1 14 -1.0 -0.0
1 15 1.0 1.0
1 15 -1.0 -0.8
1 16 1.0 1.0
1 16 -1.0 -0.9
1 17 1.0 0.0
1 17 -1.0 0.0
1 18 1.0 20.0
1 18 -1.0 -20.0
38
13 1 -0.33531022435838176 2 0.8976047784970524 3 0.0005811656669235148 4 0.0038485757613216584 5 -6.704378100209656e-06 6 2.3198864685821734e-07 7 5.51020424362849e-06 8 0.0007125222561984436 9 -4.6278702330071636e-05 10 -0.0008085704748615967 14 -0.05152883424114522 15 -1.2112658068907714e-05 16 -0.0036912654365179646 -0.002
13 1 0.33531022435838176 2 -0.8976047784970524 3 -0.0005811656669235148 4 -0.0038485757613216584 5 6.704378100209656e-06 6 -2.3198864685821734e-07 7 -5.51020424362849e-06 8 -0.0007125222561984436 9 4.6278702330071636e-05 10 0.0008085704748615967 14 0.05152883424114522 15 1.2112658068907714e-05 16 0.0036912654365179646 0.004
1 1 1.0 4.6e-06
1 1 -1.0 4.6e-06
1 2 1.0 6.4e-06
1 2 -1.0 6.4e-06
1 3 1.0 7.3e-06
1 3 -1.0 7.3e-06
1 4 1.0 1.19e-05
1 4 -1.0 1.19e-05
1 5 1.0 3.16e-05
1 5 -1.0 3.16e-05
1 6 1.0 6.5e-06
1 6 -1.0 6.5e-06
1 7 1.0 1.69e-05
1 7 -1.0 1.69e-05
1 8 1.0 0.0002037
1 8 -1.0 0.0002037
1 9 1.0 1.73e-05
1 9 -1.0 1.73e-05
1 10 1.0 5.08e-05
1 10 -1.0 5.08e-05
1 11 1.0 1.8e-06
1 11 -1.0 1.8e-06
1 12 1.0 2e-07
1 12 -1.0 2e-07
1 13 1.0 6e-07
1 13 -1.0 6e-07
1 14 1.0 0.1
1 14 -1.0 -0.0
1 15 1.0 1.0
1 15 -1.0 -0.8
1 16 1.0 1.0
1 16 -1.0 -0.9
1 17 1.0 0.0
1 17 -1.0 0.0
1 18 1.0 20.0
1 18 -1.0 -20.0
38
13 1 -0.46977084115961837 2 0.8337332115779437 3 0.0008011564061835054 4 0.004115936144086681 5 -6.888653325731349e-06 6 3.954409890012939e-07 7 5.580691382205846e-06 8 0.0006589610185068029 9 -0.00012114434489287132 10 -0.0007655548274590619 14 -0.05670595802634201 15 -1.333119299775178e-05 16 -0.004061806776393649 -0.002
13 1 0.46977084115961837 2 -0.8337332115779437 3 -0.0008011564061835054 4 -0.004115936144086681 5 6.888653325731349e-06 6 -3.954409890012939e-07 7 -5.580691382205846e-06 8 -0.0006589610185068029 9 0.00012114434489287132 10 0.0007655548274590619 14 0.05670595802634201 15 1.333119299775178e-05 16 0.004061806776393649 0.004
1 1 1.0 4.6e-06
1 1 -1.0 4.6e-06
1 2 1.0 6.4e-06
1 2 -1.0 6.4e-06
1 3 1.0 7.3e-06
1 3 -1.0 7.3e-06
1 4 1.0 1.19e-05
1 4 -1.0 1.19e-05
1 5 1.0 3.16e-05
1 5 -1.0 3.16e-05
1 6 1.0 6.5e-06
1 6 -1.0 6.5e-06
1 7 1.0 1.69e-05
1 7 -1.0 1.69e-05
1 8 1.0 0.0002037
1 8 -1.0 0.0002037
1 9 1.0 1.73e-05
1 9 -1.0 1.73e-05
1 10 1.0 5.08e-05
1 10 -1.0 5.08e-05
1 11 1.0 1.8e-06
1 11 -1.0 1.8e-06
1 12 1.0 2e-07
1 12 -1.0 2e-07
1 13 1.0 6e-07
1 13 -1.0 6e-07
1 14 1.0 0.1
1 14 -1.0 -0.0
1 15 1.0 1.0
1 15 -1.0 -0.8
1 16 1.0 1.0
1 16 -1.0 -0.9
1 17 1.0 0.0
1 17 -1.0 0.0
1 18 1.0 20.0
1 18 -1.0 -20.0
38
13 1 -0.5927661324097204 2 0.7499817668526644 3 0.000750743885040158 4 0.004420268711097246 5 -6.414915199463132e-06 6 -4.4393017837773994e-07 7 5.658496733950718e-06 8 0.0005944711117420879 9 -0.00011857591768235682 10 -0.0006215345834014243 14 -0.06143873071519652 15 -1.4446343820425264e-05 16 -0.0044002107782323404 -0.002
13 1 0.5927661324097204 2 -0.7499817668526644 3 -0.000750743885040158 4 -0.004420268711097246 5 6.414915199463132e-06 6 4.4393017837773994e-07 7 -5.658496733950718e-06 8 -0.0005944711117420879 9 0.00011857591768235682 10 0.0006215345834014243 14 0.06143873071519652 15 1.4446343820425264e-05 16 0.0044002107782323404 0.004
1 1 1.0 4.6e-06
1 1 -1.0 4.6e-06
1 2 1.0 6.4e-06
1 2 -1.0 6.4e-06
1 3 1.0 7.3e-06
1 3 -1.0 7.3e-06
1 4 1.0 1.19e-05
1 4 -1.0 1.19e-05
1 5 1.0 3.16e-05
1 5 -1.0 3.16e-05
1 6 1.0 6.5e-06
1 6 -1.0 6.5e-06
1 7 1.0 1.69e-05
1 7 -1.0 1.69e-05
1 8 1.0 0.0002037
1 8 -1.0 0.0002037
1 9 1.0 1.73e-05
1 9 -1.0 1.73e-05
1 10 1.0 5.08e-05
1 10 -1.0 5.08e-05
1 11 1.0 1.8e-06
1 11 -1.0 1.8e-06
1 12 1.0 2e-07
1 12 -1.0 2e-07
1 13 1.0 6e-07
1 13 -1.0 6e-07
1 14 1.0 0.1
1 14 -1.0 -0.0
1 15 1.0 1.0
1 15 -1.0 -0.8
1 16 1.0 1.0
1 16 -1.0 -0.9
1 17 1.0 0.0
1 17 -1.0 0.0
1 18 1.0 20.0
1 18 -1.0 -20.0
38
13 1 -0.5473530569541144 2 -0.7784994145589446 3 -0.001416031740979754 4 -0.006842307350106335 5 6.388689806547058e-06 6 -1.0407196562747171e-06 7 1.2402578707414621e-05 8 -0.0006149954305904141 9 2.6355766492951013e-05 10 0.0006480681212914022 14 -0.0597025782839983 15 -1.4078782187484447e-05 16 -0.004272120866689861 -0.002
13 1 0.5473530569541144 2 0.7784994145589446 3 0.001416031740979754 4 0.006842307350106335 5 -6.388689806547058e-06 6 1.0407196562747171e-06 7 -1.2402578707414621e-05 8 0.0006149954305904141 9 -2.6355766492951013e-05 10 -0.0006480681212914022 14 0.0597025782839983 15 1.4078782187484447e-05 16 0.004272120866689861 0.004
1 1 1.0 4.6e-06
1 1 -1.0 4.6e-06
1 2 1.0 6.4e-06
1 2 -1.0 6.4e-06
1 3 1.0 7.3e-06
1 3 -1.0 7.3e-06
1 4 1.0 1.19e-05
1 4 -1.0 1.19e-05
1 5 1.0 3.16e-05
1 5 -1.0 3.16e-05
1 6 1.0 6.5e-06
1 6 -1.0 6.5e-06
1 7 1.0 1.69e-05
1 7 -1.0 1.69e-05
1 8 1.0 0.0002037
1 8 -1.0 0.0002037
1 9 1.0 1.73e-05
1 9 -1.0 1.73e-05
1 10 1.0 5.08e-05
1 10 -1.0 5.08e-05
1 11 1.0 1.8e-06
1 11 -1.0 1.8e-06
1 12 1.0 2e-07
1 12 -1.0 2e-07
1 13 1.0 6e-07
1 13 -1.0 6e-07
1 14 1.0 0.1
1 14 -1.0 -0.0
1 15 1.0 1.0
1 15 -1.0 -0.8
1 16 1.0 1.0
1 16 -1.0 -0.9
1 17 1.0 0.0
1 17 -1.0 0.0
1 18 1.0 20.0
1 18 -1.0 -20.0
38
13 1 -0.4206890016229241 2 -0.8524135534333621 3 -0.0003008664180010557 4 -0.0071683232273134214 5 7.1003788165624545e-06 6 -3.5870725186741134e-07 7 9.521707002353915e-06 8 -0.0006783579189904052 9 -1.3094576911107062e-05 10 0.0007460873448435508 14 -0.054815242760709586 15 -1.293000979830921e-05 16 -0.003921937977771158 -0.002
13 1 0.4206890016229241 2 0.8524135534333621 3 0.0003008664180010557 4 0.0071683232273134214 5 -7.1003788165624545e-06 6 3.5870725186741134e-07 7 -9.521707002353915e-06 8 0.0006783579189904052 9 1.3094576911107062e-05 10 -0.0007460873448435508 14 0.054815242760709586 15 1.293000979830921e-05 16 0.003921937977771158 0.004
1 1 1.0 4.6e-06
1 1 -1.0 4.6e-06
1 2 1.0 6.4e-06
1 2 -1.0 6.4e-06
1 3 1.0 7.3e-06
1 3 -1.0 7.3e-06
1 4 1.0 1.19e-05
1 4 -1.0 1.19e-05
1 5 1.0 3.16e-05
1 5 -1.0 3.16e-05
1 6 1.0 6.5e-06
1 6 -1.0 6.5e-06
1 7 1.0 1.69e-05
1 7 -1.0 1.69e-05
1 8 1.0 0.0002037
1 8 -1.0 0.0002037
1 9 1.0 1.73e-05
1 9 -1.0 1.73e-05
1 10 1.0 5.08e-05
1 10 -1.0 5.08e-05
1 11 1.0 1.8e-06
1 11 -1.0 1.8e-06
1 12 1.0 2e-07
1 12 -1.0 2e-07
1 13 1.0 6e-07
1 13 -1.0 6e-07
1 14 1.0 0.1
1 14 -1.0 -0.0
1 15 1.0 1.0
1 15 -1.0 -0.8
1 16 1.0 1.0
1 16 -1.0 -0.9
1 17 1.0 0.0
1 17 -1.0 0.0
1 18 1.0 20.0
1 18 -1.0 -20.0
38
13 1 -0.28413994998290104 2 -0.9057842915952512 3 0.0007190939312156403 4 -0.007063565979380488 5 6.946247778273472e-06 6 -2.715502309331048e-07 7 5.812389232372474e-06 8 -0.0007216523812888235 9 4.45692946978897e-05 10 0.0008394848890096128 14 -0.04954281209125111 15 -1.1687064696801219e-05 16 -0.0035441961506228912 -0.002
13 1 0.28413994998290104 2 0.9057842915952512 3 -0.0007190939312156403 4 0.007063565979380488 5 -6.946247778273472e-06 6 2.715502309331048e-07 7 -5.812389232372474e-06 8 0.0007216523812888235 9 -4.45692946978897e-05 10 -0.0008394848890096128 14 0.04954281209125111 15 1.1687064696801219e-05 16 0.0035441961506228912 0.004
1 1 1.0 4.6e-06
1 1 -1.0 4.6e-06
1 2 1.0 6.4e-06
1 2 -1.0 6.4e-06
1 3 1.0 7.3e-06
1 3 -1.0 7.3e-06
1 4 1.0 1.19e-05
1 4 -1.0 1.19e-05
1 5 1.0 3.16e-05
1 5 -1.0 3.16e-05
1 6 1.0 6.5e-06
1 6 -1.0 6.5e-06
1 7 1.0 1.69e-05
1 7 -1.0 1.69e-05
1 8 1.0 0.0002037
1 8 -1.0 0.0002037
1 9 1.0 1.73e-05
1 9 -1.0 1.73e-05
1 10 1.0 5.08e-05
1 10 -1.0 5.08e-05
1 11 1.0 1.8e-06
1 11 -1.0 1.8e-06
1 12 1.0 2e-07
1 12 -1.0 2e-07
1 13 1.0 6e-07
1 13 -1.0 6e-07
1 14 1.0 0.1
1 14 -1.0 -0.0
1 15 1.0 1.0
1 15 -1.0 -0.8
1 16 1.0 1.0
1 16 -1.0 -0.9
1 17 1.0 0.0
1 17 -1.0 0.0
1 18 1.0 20.0
1 18 -1.0 -20.0
38
13 1 -0.14099371256012466 2 -0.9373648103766894 3 0.0015277451387515266 4 -0.006590413914057971 5 7.289896997517598e-06 6 -7.726790859594517e-07 7 3.8850701585527795e-06 8 -0.0007464324517158349 9 8.775400141553676e-05 10 0.0008163518073565193 14 -0.04401292208619806 15 -1.0386703207600689e-05 16 -0.0031484116859022185 -0.002
13 1 0.14099371256012466 2 0.9373648103766894 3 -0.0015277451387515266 4 0.006590413914057971 5 -7.289896997517598e-06 6 7.726790859594517e-07 7 -3.8850701585527795e-06 8 0.0007464324517158349 9 -8.775400141553676e-05 10 -0.0008163518073565193 14 0.04401292208619806 15 1.0386703207600689e-05 16 0.0031484116859022185 0.004
1 1 1.0 4.6e-06
1 1 -1.0 4.6e-06
1 2 1.0 6.4e-06
1 2 -1.0 6.4e-06
1 3 1.0 7.3e-06
1 3 -1.0 7.3e-06
1 4 1.0 1.19e-05
1 4 -1.0 1.19e-05
1 5 1.0 3.16e-05
1 5 -1.0 3.16e-05
1 6 1.0 6.5e-06
1 6 -1.0 6.5e-06
1 7 1.0 1.69e-05
1 7 -1.0 1.69e-05
1 8 1.0 0.0002037
1 8 -1.0 0.0002037
1 9 1.0 1.73e-05
1 9 -1.0 1.73e-05
1 10 1.0 5.08e-05
1 10 -1.0 5.08e-05
1 11 1.0 1.8e-06
1 11 -1.0 1.8e-06
1 12 1.0 2e-07
1 12 -1.0 2e-07
1 13 1.0 6e-07
1 13 -1.0 6e-07
1 14 1.0 0.1
1 14 -1.0 -0.0
1 15 1.0 1.0
1 15 -1.0 -0.8
1 16 1.0 1.0
1 16 -1.0 -0.9
1 17 1.0 0.0
1 17 -1.0 0.0
1 18 1.0 20.0
1 18 -1.0 -20.0
38
13 1 0.0053089687886101475 2 -0.9464326432129986 3 0.0020446898763705314 4 -0.005850888686157637 5 7.962195327542043e-06 6 -5.280679325550864e-07 7 2.8955175373286683e-06 8 -0.0007556452014712342 9 4.118178135524784e-05 10 0.0008109870065385372 14 -0.03835976278855908 15 -9.058465013283871e-06 16 -0.002743757238937566 -0.002
13 1 -0.0053089687886101475 2 0.9464326432129986 3 -0.0020446898763705314 4 0.005850888686157637 5 -7.962195327542043e-06 6 5.280679325550864e-07 7 -2.8955175373286683e-06 8 0.0007556452014712342 9 -4.118178135524784e-05 10 -0.0008109870065385372 14 0.03835976278855908 15 9.058465013283871e-06 16 0.002743757238937566 0.004
1 1 1.0 4.6e-06
1 1 -1.0 4.6e-06
1 2 1.0 6.4e-06
1 2 -1.0 6.4e-06
1 3 1.0 7.3e-06
1 3 -1.0 7.3e-06
1 4 1.0 1.19e-05
1 4 -1.0 1.19e-05
1 5 1.0 3.16e-05
1 5 -1.0 3.16e-05
1 6 1.0 6.5e-06
1 6 -1.0 6.5e-06
1 7 1.0 1.69e-05
1 7 -1.0 1.69e-05
1 8 1.0 0.0002037
1 8 -1.0 0.0002037
1 9 1.0 1.73e-05
1 9 -1.0 1.73e-05
1 10 1.0 5.08e-05
1 10 -1.0 5.08e-05
1 11 1.0 1.8e-06
1 11 -1.0 1.8e-06
1 12 1.0 2e-07
1 12 -1.0 2e-07
1 13 1.0 6e-07
1 13 -1.0 6e-07
1 14 1.0 0.1
1 14 -1.0 -0.0
1 15 1.0 1.0
1 15 -1.0 -0.8
1 16 1.0 1.0
1 16 -1.0 -0.9
1 17 1.0 0.0
1 17 -1.0 0.0
1 18 1.0 20.0
1 18 -1.0 -20.0
38
13 1 0.15125713886834843 2 -0.9328060239946775 3 0.0022365581718439484 4 -0.004969944936689841 5 7.666992102047134e-06 6 1.3578041327467553e-07 7 6.638002169216862e-07 8 -0.0007465771959359564 9 5.387510037204088e-05 10 0.000858927712075622 14 -0.0327204163269586 15 -7.728958151199005e-06 16 -0.002339905838847175 -0.002
13 1 -0.15125713886834843 2 0.9328060239946775 3 -0.0022365581718439484 4 0.004969944936689841 5 -7.666992102047134e-06 6 -1.3578041327467553e-07 7 -6.638002169216862e-07 8 0.0007465771959359564 9 -5.387510037204088e-05 10 -0.000858927712075622 14 0.0327204163269586 15 7.728958151199005e-06 16 0.002339905838847175 0.004
1 1 1.0 4.6e-06
1 1 -1.0 4.6e-06
1 2 1.0 6.4e-06
1 2 -1.0 6.4e-06
1 3 1.0 7.3e-06
1 3 -1.0 7.3e-06
1 4 1.0 1.19e-05
1 4 -1.0 1.19e-05
1 5 1.0 3.16e-05
1 5 -1.0 3.16e-05
1 6 1.0 6.5e-06
1 6 -1.0 6.5e-06
1 7 1.0 1.69e-05
1 7 -1.0 1.69e-05
1 8 1.0 0.0002037
1 8 -1.0 0.0002037
1 9 1.0 1.73e-05
1 9 -1.0 1.73e-05
1 10 1.0 5.08e-05
1 10 -1.0 5.08e-05
1 11 1.0 1.8e-06
1 11 -1.0 1.8e-06
1 12 1.0 2e-07
1 12 -1.0 2e-07
1 13 1.0 6e-07
1 13 -1.0 6e-07
1 14 1.0 0.1
1 14 -1.0 -0.0
1 15 1.0 1.0
1 15 -1.0 -0.8
1 16 1.0 1.0
1 16 -1.0 -0.9
1 17 1.0 0.0
1 17 -1.0 0.0
1 18 1.0 20.0
1 18 -1.0 -20.0
38
13 1 0.29335387750515385 2 -0.8968472850629342 3 0.002120933955947506 4 -0.004075680118211056 5 6.867087092935598e-06 6 -3.5834753110605338e-09 7 -2.739898402732152e-06 8 -0.0007176166708015765 9 0.00011873863667432429 10 0.0008087350540550861 14 -0.027231276802351805 15 -6.433780966051324e-06 16 -0.0019471135575138997 -0.002
13 1 -0.29335387750515385 2 0.8968472850629342 3 -0.002120933955947506 4 0.004075680118211056 5 -6.867087092935598e-06 6 3.5834753110605338e-09 7 2.739898402732152e-06 8 0.0007176166708015765 9 -0.00011873863667432429 10 -0.0008087350540550861 14 0.027231276802351805 15 6.433780966051324e-06 16 0.0019471135575138997 0.004
1 1 1.0 4.6e-06
1 1 -1.0 4.6e-06
1 2 1.0 6.4e-06
1 2 -1.0 6.4e-06
1 3 1.0 7.3e-06
1 3 -1.0 7.3e-06
1 4 1.0 1.19e-05
1 4 -1.0 1.19e-05
1 5 1.0 3.16e-05
1 5 -1.0 3.16e-05
1 6 1.0 6.5e-06
1 6 -1.0 6.5e-06
1 7 1.0 1.69e-05
1 7 -1.0 1.69e-05
1 8 1.0 0.0002037
1 8 -1.0 0.0002037
1 9 1.0 1.73e-05
1 9 -1.0 1.73e-05
1 10 1.0 5.08e-05
1 10 -1.0 5.08e-05
1 11 1.0 1.8e-06
1 11 -1.0 1.8e-06
1 12 1.0 2e-07
1 12 -1.0 2e-07
1 13 1.0 6e-07
1 13 -1.0 6e-07
1 14 1.0 0.1
1 14 -1.0 -0.0
1 15 1.0 1.0
1 15 -1.0 -0.8
1 16 1.0 1.0
1 16 -1.0 -0.9
1 17 1.0 0.0
1 17 -1.0 0.0
1 18 1.0 20.0
1 18 -1.0 -20.0
38
13 1 0.42820007067595395 2 -0.839453302318747 3 0.0017623086208823397 4 -0.003279563599872576 5 6.720017218272615e-06 6 -3.5423108752158387e-07 7 -5.851689141449437e-06 8 -0.0006712243229771281 9 9.259267733408354e-05 10 0.000707867903950546 14 -0.022024851147416664 15 -5.208237779473417e-06 16 -0.0015747250021079353 -0.002
13 1 -0.42820007067595395 2 0.839453302318747 3 -0.0017623086208823397 4 0.003279563599872576 5 -6.720017218272615e-06 6 3.5423108752158387e-07 7 5.851689141449437e-06 8 0.0006712243229771281 9 -9.259267733408354e-05 10 -0.000707867903950546 14 0.022024851147416664 15 5.208237779473417e-06 16 0.0015747250021079353 0.004
1 1 1.0 4.6e-06
1 1 -1.0 4.6e-06
1 2 1.0 6.4e-06
1 2 -1.0 6.4e-06
1 3 1.0 7.3e-06
1 3 -1.0 7.3e-06
1 4 1.0 1.19e-05
1 4 -1.0 1.19e-05
1 5 1.0 3.16e-05
1 5 -1.0 3.16e-05
1 6 1.0 6.5e-06
1 6 -1.0 6.5e-06
1 7 1.0 1.69e-05
1 7 -1.0 1.69e-05
1 8 1.0 0.0002037
1 8 -1.0 0.0002037
1 9 1.0 1.73e-05
1 9 -1.0 1.73e-05
1 10 1.0 5.08e-05
1 10 -1.0 5.08e-05
1 11 1.0 1.8e-06
1 11 -1.0 1.8e-06
1 12 1.0 2e-07
1 12 -1.0 2e-07
1 13 1.0 6e-07
1 13 -1.0 6e-07
1 14 1.0 0.1
1 14 -1.0 -0.0
1 15 1.0 1.0
1 15 -1.0 -0.8
1 16 1.0 1.0
1 16 -1.0 -0.9
1 17 1.0 0.0
1 17 -1.0 0.0
1 18 1.0 20.0
1 18 -1.0 -20.0
38
13 1 0.5525756991868749 2 -0.762033067409893 3 0.0012607213914724617 4 -0.0026597857736795874 5 6.526611068027959e-06 6 1.2963150658183197e-07 7 -7.80718171066802e-06 8 -0.0006085184862275968 9 5.871330574953806e-05 10 0.0006818303316314618 14 -0.017226330540375232 15 -4.077546182247523e-06 16 -0.0012312776037422856 -0.002
13 1 -0.5525756991868749 2 0.762033067409893 3 -0.0012607213914724617 4 0.0026597857736795874 5 -6.526611068027959e-06 6 -1.2963150658183197e-07 7 7.80718171066802e-06 8 0.0006085184862275968 9 -5.871330574953806e-05 10 -0.0006818303316314618 14 0.017226330540375232 15 4.077546182247523e-06 16 0.0012312776037422856 0.004
1 1 1.0 4.6e-06
1 1 -1.0 4.6e-06
1 2 1.0 6.4e-06
1 2 -1.0 6.4e-06
1 3 1.0 7.3e-06
1 3 -1.0 7.3e-06
1 4 1.0 1.19e-05
1 4 -1.0 1.19e-05
1 5 1.0 3.16e-05
1 5 -1.0 3.16e-05
1 6 1.0 6.5e-06
1 6 -1.0 6.5e-06
1 7 1.0 1.69e-05
1 7 -1.0 1.69e-05
1 8 1.0 0.0002037
1 8 -1.0 0.0002037
1 9 1.0 1.73e-05
1 9 -1.0 1.73e-05
1 10 1.0 5.08e-05
1 10 -1.0 5.08e-05
1 11 1.0 1.8e-06
1 11 -1.0 1.8e-06
1 12 1.0 2e-07
1 12 -1.0 2e-07
1 13 1.0 6e-07
1 13 -1.0 6e-07
1 14 1.0 0.1
1 14 -1.0 -0.0
1 15 1.0 1.0
1 15 -1.0 -0.8
1 16 1.0 1.0
1 16 -1.0 -0.9
1 17 1.0 0.0
1 17 -1.0 0.0
1 18 1.0 20.0
1 18 -1.0 -20.0
38
13 1 0.6635166894627659 2 -0.6664730122110948 3 0.0007349473014312851 4 -0.0022503006387257635 5 5.347861195873569e-06 6 6.243959671460724e-07 7 -8.83952118392402e-06 8 -0.0005308814985422428 9 0.00011243854302421473 10 0.0006204140437024396 14 -0.012950247633792305 15 -3.066240778387079e-06 16 -0.000925317998838038 -0.002
13 1 -0.6635166894627659 2 0.6664730122110948 3 -0.0007349473014312851 4 0.0022503006387257635 5 -5.347861195873569e-06 6 -6.243959671460724e-07 7 8.83952118392402e-06 8 0.0005308814985422428 9 -0.00011243854302421473 10 -0.0006204140437024396 14 0.012950247633792305 15 3.066240778387079e-06 16 0.000925317998838038 0.004
1 1 1.0 4.6e-06
1 1 -1.0 4.6e-06
1 2 1.0 6.4e-06
1 2 -1.0 6.4e-06
1 3 1.0 7.3e-06
1 3 -1.0 7.3e-06
1 4 1.0 1.19e-05
1 4 -1.0 1.19e-05
1 5 1.0 3.16e-05
1 5 -1.0 3.16e-05
1 6 1.0 6.5e-06
1 6 -1.0 6.5e-06
1 7 1.0 1.69e-05
1 7 -1.0 1.69e-05
1 8 1.0 0.0002037
1 8 -1.0 0.0002037
1 9 1.0 1.73e-05
1 9 -1.0 1.73e-05
1 10 1.0 5.08e-05
1 10 -1.0 5.08e-05
1 11 1.0 1.8e-06
1 11 -1.0 1.8e-06
1 12 1.0 2e-07
1 12 -1.0 2e-07
1 13 1.0 6e-07
1 13 -1.0 6e-07
1 14 1.0 0.1
1 14 -1.0 -0.0
1 15 1.0 1.0
1 15 -1.0 -0.8
1 16 1.0 1.0
1 16 -1.0 -0.9
1 17 1.0 0.0
1 17 -1.0 0.0
1 18 1.0 20.0
1 18 -1.0 -20.0
38
13 1 0.6780732810942736 2 0.6479337796994746 3 0.003567255931561206 4 0.003299481283445677 5 -4.71154089828596e-06 6 6.223096289424939e-07 7 -1.2017132159940835e-05 8 0.0005073651137650079 9 9.814472046112652e-06 10 -0.0005302372028257525 14 -0.012429328226566198 15 -2.9114844355954493e-06 16 -0.0008913051653808293 -0.002
13 1 -0.6780732810942736 2 -0.6479337796994746 3 -0.003567255931561206 4 -0.003299481283445677 5 4.71154089828596e-06 6 -6.223096289424939e-07 7 1.2017132159940835e-05 8 -0.0005073651137650079 9 -9.814472046112652e-06 10 0.0005302372028257525 14 0.012429328226566198 15 2.9114844355954493e-06 16 0.0008913051653808293 0.004
1 1 1.0 4.6e-06
1 1 -1.0 4.6e-06
1 2 1.0 6.4e-06
1 2 -1.0 6.4e-06
1 3 1.0 7.3e-06
1 3 -1.0 7.3e-06
1 4 1.0 1.19e-05
1 4 -1.0 1.19e-05
1 5 1.0 3.16e-05
1 5 -1.0 3.16e-05
1 6 1.0 6.5e-06
1 6 -1.0 6.5e-06
1 7 1.0 1.69e-05
1 7 -1.0 1.69e-05
1 8 1.0 0.0002037
1 8 -1.0 0.0002037
1 9 1.0 1.73e-05
1 9 -1.0 1.73e-05
1 10 1.0 5.08e-05
1 10 -1.0 5.08e-05
1 11 1.0 1.8e-06
1 11 -1.0 1.8e-06
1 12 1.0 2e-07
1 12 -1.0 2e-07
1 13 1.0 6e-07
1 13 -1.0 6e-07
1 14 1.0 0.1
1 14 -1.0 -0.0
1 15 1.0 1.0
1 15 -1.0 -0.8
1 16 1.0 1.0
1 16 -1.0 -0.9
1 17 1.0 0.0
1 17 -1.0 0.0
1 18 1.0 20.0
1 18 -1.0 -20.0
38
13 1 0.5699853683861658 2 0.7437866685656015 3 0.003403811262631703 4 0.004687024703626679 5 -5.7752303200043835e-06 6 1.037073551774117e-06 7 -1.0723690895343054e-05 8 0.0005839065738381991 9 2.3012012167820123e-05 10 -0.0006589315595487068 14 -0.016588333796581894 15 -3.887920824645923e-06 16 -0.0011894742027555884 -0.002
13 1 -0.5699853683861658 2 -0.7437866685656015 3 -0.003403811262631703 4 -0.004687024703626679 5 5.7752303200043835e-06 6 -1.037073551774117e-06 7 1.0723690895343054e-05 8 -0.0005839065738381991 9 -2.3012012167820123e-05 10 0.0006589315595487068 14 0.016588333796581894 15 3.887920824645923e-06 16 0.0011894742027555884 0.004
1 1 1.0 4.6e-06
1 1 -1.0 4.6e-06
1 2 1.0 6.4e-06
1 2 -1.0 6.4e-06
1 3 1.0 7.3e-06
1 3 -1.0 7.3e-06
1 4 1.0 1.19e-05
1 4 -1.0 1.19e-05
1 5 1.0 3.16e-05
1 5 -1.0 3.16e-05
1 6 1.0 6.5e-06
1 6 -1.0 6.5e-06
1 7 1.0 1.69e-05
1 7 -1.0 1.69e-05
1 8 1.0 0.0002037
1 8 -1.0 0.0002037
1 9 1.0 1.73e-05
1 9 -1.0 1.73e-05
1 10 1.0 5.08e-05
1 10 -1.0 5.08e-05
1 11 1.0 1.8e-06
1 11 -1.0 1.8e-06
1 12 1.0 2e-07
1 12 -1.0 2e-07
1 13 1.0 6e-07
1 13 -1.0 6e-07
1 14 1.0 0.1
1 14 -1.0 -0.0
1 15 1.0 1.0
1 15 -1.0 -0.8
1 16 1.0 1.0
1 16 -1.0 -0.9
1 17 1.0 0.0
1 17 -1.0 0.0
1 18 1.0 20.0
1 18 -1.0 -20.0
38
13 1 0.4484050727376538 2 0.8216667820440442 3 0.0028934284000182134 4 0.005938123616469608 5 -6.830338181557225e-06 6 6.371858832648778e-07 7 -9.641742141074592e-06 8 0.0006462038133563736 9 -4.023484407844107e-05 10 -0.0007432851798654127 14 -0.021267961821010095 15 -4.9867115675432575e-06 16 -0.0015247861186798006 -0.002
13 1 -0.4484050727376538 2 -0.8216667820440442 3 -0.0028934284000182134 4 -0.005938123616469608 5 6.830338181557225e-06 6 -6.371858832648778e-07 7 9.641742141074592e-06 8 -0.0006462038133563736 9 4.023484407844107e-05 10 0.0007432851798654127 14 0.021267961821010095 15 4.9867115675432575e-06 16 0.0015247861186798006 0.004
1 1 1.0 4.6e-06
1 1 -1.0 4.6e-06
1 2 1.0 6.4e-06
1 2 -1.0 6.4e-06
1 3 1.0 7.3e-06
1 3 -1.0 7.3e-06
1 4 1.0 1.19e-05
1 4 -1.0 1.19e-05
1 5 1.0 3.16e-05
1 5 -1.0 3.16e-05
1 6 1.0 6.5e-06
1 6 -1.0 6.5e-06
1 7 1.0 1.69e-05
1 7 -1.0 1.69e-05
1 8 1.0 0.0002037
1 8 -1.0 0.0002037
1 9 1.0 1.73e-05
1 9 -1.0 1.73e-05
1 10 1.0 5.08e-05
1 10 -1.0 5.08e-05
1 11 1.0 1.8e-06
1 11 -1.0 1.8e-06
1 12 1.0 2e-07
1 12 -1.0 2e-07
1 13 1.0 6e-07
1 13 -1.0 6e-07
1 14 1.0 0.1
1 14 -1.0 -0.0
1 15 1.0 1.0
1 15 -1.0 -0.8
1 16 1.0 1.0
1 16 -1.0 -0.9
1 17 1.0 0.0
1 17 -1.0 0.0
1 18 1.0 20.0
1 18 -1.0 -20.0
38
13 1 0.31626692276500656 2 0.8797350050305127 3 0.0020791846212606297 4 0.006921885791734893 5 -6.929618124932205e-06 6 1.9921138251322066e-07 7 -7.97772210016141e-06 8 0.0006947181740881332 9 -5.4086985112493116e-05 10 -0.0007457703107370514 14 -0.02635660559261404 15 -6.1844384413528185e-06 16 -0.0018891072880322108 -0.002
13 1 -0.31626692276500656 2 -0.8797350050305127 3 -0.0020791846212606297 4 -0.006921885791734893 5 6.929618124932205e-06 6 -1.9921138251322066e-07 7 7.97772210016141e-06 8 -0.0006947181740881332 9 5.4086985112493116e-05 10 0.0007457703107370514 14 0.02635660559261404 15 6.1844384413528185e-06 16 0.0018891072880322108 0.004
1 1 1.0 4.6e-06
1 1 -1.0 4.6e-06
1 2 1.0 6.4e-06
1 2 -1.0 6.4e-06
1 3 1.0 7.3e-06
1 3 -1.0 7.3e-06
1 4 1.0 1.19e-05
1 4 -1.0 1.19e-05
1 5 1.0 3.16e-05
1 5 -1.0 3.16e-05
1 6 1.0 6.5e-06
1 6 -1.0 6.5e-06
1 7 1.0 1.69e-05
1 7 -1.0 1.69e-05
1 8 1.0 0.0002037
1 8 -1.0 0.0002037
1 9 1.0 1.73e-05
1 9 -1.0 1.73e-05
1 10 1.0 5.08e-05
1 10 -1.0 5.08e-05
1 11 1.0 1.8e-06
1 11 -1.0 1.8e-06
1 12 1.0 2e-07
1 12 -1.0 2e-07
1 13 1.0 6e-07
1 13 -1.0 6e-07
1 14 1.0 0.1
1 14 -1.0 -0.0
1 15 1.0 1.0
1 15 -1.0 -0.8
1 16 1.0 1.0
1 16 -1.0 -0.9
1 17 1.0 0.0
1 17 -1.0 0.0
1 18 1.0 20.0
1 18 -1.0 -20.0
38
13 1 0.17675399792740967 2 0.9166299944752725 3 0.001048035859971621 4 0.00753366931445785 5 -6.9445247920252275e-06 6 5.511621033341824e-07 7 -5.184397709999135e-06 8 0.0007273484220679934 9 -1.8467932161042756e-05 10 -0.0007940579097219212 14 -0.031732652026248434 15 -7.450666879042094e-06 16 -0.0022741453553197662 -0.002
13 1 -0.17675399792740967 2 -0.9166299944752725 3 -0.001048035859971621 4 -0.00753366931445785 5 6.9445247920252275e-06 6 -5.511621033341824e-07 7 5.184397709999135e-06 8 -0.0007273484220679934 9 1.8467932161042756e-05 10 0.0007940579097219212 14 0.031732652026248434 15 7.450666879042094e-06 16 0.0022741453553197662 0.004
1 1 1.0 4.6e-06
1 1 -1.0 4.6e-06
1 2 1.0 6.4e-06
1 2 -1.0 6.4e-06
1 3 1.0 7.3e-06
1 3 -1.0 7.3e-06
1 4 1.0 1.19e-05
1 4 -1.0 1.19e-05
1 5 1.0 3.16e-05
1 5 -1.0 3.16e-05
1 6 1.0 6.5e-06
1 6 -1.0 6.5e-06
1 7 1.0 1.69e-05
1 7 -1.0 1.69e-05
1 8 1.0 0.0002037
1 8 -1.0 0.0002037
1 9 1.0 1.73e-05
1 9 -1.0 1.73e-05
1 10 1.0 5.08e-05
1 10 -1.0 5.08e-05
1 11 1.0 1.8e-06
1 11 -1.0 1.8e-06
1 12 1.0 2e-07
1 12 -1.0 2e-07
1 13 1.0 6e-07
1 13 -1.0 6e-07
1 14 1.0 0.1
1 14 -1.0 -0.0
1 15 1.0 1.0
1 15 -1.0 -0.8
1 16 1.0 1.0
1 16 -1.0 -0.9
1 17 1.0 0.0
1 17 -1.0 0.0
1 18 1.0 20.0
1 18 -1.0 -20.0
38
13 1 0.033221239122511466 2 0.9315000812081333 3 -8.194412845437986e-05 4 0.00771021390377299 5 -7.569886936233568e-06 6 7.06399564946935e-07 7 -2.3670533122820122e-06 8 0.0007405896779455993 9 -5.611723774112537e-05 10 -0.0008528056942853216 14 -0.03726748333436459 15 -8.75232770405021e-06 16 -0.002670589363386921 -0.002
13 1 -0.033221239122511466 2 -0.9315000812081333 3 8.194412845437986e-05 4 -0.00771021390377299 5 7.569886936233568e-06 6 -7.06399564946935e-07 7 2.3670533122820122e-06 8 -0.0007405896779455993 9 5.611723774112537e-05 10 0.0008528056942853216 14 0.03726748333436459 15 8.75232770405021e-06 16 0.002670589363386921 0.004
1 1 1.0 4.6e-06
1 1 -1.0 4.6e-06
1 2 1.0 6.4e-06
1 2 -1.0 6.4e-06
1 3 1.0 7.3e-06
1 3 -1.0 7.3e-06
1 4 1.0 1.19e-05
1 4 -1.0 1.19e-05
1 5 1.0 3.16e-05
1 5 -1.0 3.16e-05
1 6 1.0 6.5e-06
1 6 -1.0 6.5e-06
1 7 1.0 1.69e-05
1 7 -1.0 1.69e-05
1 8 1.0 0.0002037
1 8 -1.0 0.0002037
1 9 1.0 1.73e-05
1 9 -1.0 1.73e-05
1 10 1.0 5.08e-05
1 10 -1.0 5.08e-05
1 11 1.0 1.8e-06
1 11 -1.0 1.8e-06
1 12 1.0 2e-07
1 12 -1.0 2e-07
1 13 1.0 6e-07
1 13 -1.0 6e-07
1 14 1.0 0.1
1 14 -1.0 -0.0
1 15 1.0 1.0
1 15 -1.0 -0.8
1 16 1.0 1.0
1 16 -1.0 -0.9
1 17 1.0 0.0
1 17 -1.0 0.0
1 18 1.0 20.0
1 18 -1.0 -20.0
38
13 1 -0.11088524455572922 2 0.9240229530451178 3 -0.001179098260845339 4 0.007438651513572216 5 -7.734910289610172e-06 6 9.690859431615234e-08 7 -5.622487486765168e-07 8 0.0007358182001392392 9 -0.00010040523231363313 10 -0.0008131276842071627 14 -0.04282841373293438 15 -1.0060779475899696e-05 16 -0.0030685735624870346 -0.002
13 1 0.11088524455572922 2 -0.9240229530451178 3 0.001179098260845339 4 -0.007438651513572216 5 7.734910289610172e-06 6 -9.690859431615234e-08 7 5.622487486765168e-07 8 -0.0007358182001392392 9 0.00010040523231363313 10 0.0008131276842071627 14 0.04282841373293438 15 1.0060779475899696e-05 16 0.0030685735624870346 0.004
1 1 1.0 4.6e-06
1 1 -1.0 4.6e-06
1 2 1.0 6.4e-06
1 2 -1.0 6.4e-06
1 3 1.0 7.3e-06
1 3 -1.0 7.3e-06
1 4 1.0 1.19e-05
1 4 -1.0 1.19e-05
1 5 1.0 3.16e-05
1 5 -1.0 3.16e-05
1 6 1.0 6.5e-06
1 6 -1.0 6.5e-06
1 7 1.0 1.69e-05
1 7 -1.0 1.69e-05
1 8 1.0 0.0002037
1 8 -1.0 0.0002037
1 9 1.0 1.73e-05
1 9 -1.0 1.73e-05
1 10 1.0 5.08e-05
1 10 -1.0 5.08e-05
1 11 1.0 1.8e-06
1 11 -1.0 1.8e-06
1 12 1.0 2e-07
1 12 -1.0 2e-07
1 13 1.0 6e-07
1 13 -1.0 6e-07
1 14 1.0 0.1
1 14 -1.0 -0.0
1 15 1.0 1.0
1 15 -1.0 -0.8
1 16 1.0 1.0
1 16 -1.0 -0.9
1 17 1.0 0.0
1 17 -1.0 0.0
1 18 1.0 20.0
1 18 -1.0 -20.0
38
13 1 -0.25211094270985485 2 0.8944126177763817 3 -0.002117731313105368 4 0.006758028024328996 5 -7.011633405750704e-06 6 -1.4016263684263898e-07 7 1.2027458343894594e-06 8 0.0007153098995757979 9 -6.599529868043719e-05 10 -0.000766654768071515 14 -0.04828165819556048 15 -1.13470247404194e-05 16 -0.0034588099043016975 -0.002
13 1 0.25211094270985485 2 -0.8944126177763817 3 0.002117731313105368 4 -0.006758028024328996 5 7.011633405750704e-06 6 1.4016263684263898e-07 7 -1.2027458343894594e-06 8 -0.0007153098995757979 9 6.599529868043719e-05 10 0.000766654768071515 14 0.04828165819556048 15 1.13470247404194e-05 16 0.0034588099043016975 0.004
1 1 1.0 4.6e-06
1 1 -1.0 4.6e-06
1 2 1.0 6.4e-06
1 2 -1.0 6.4e-06
1 3 1.0 7.3e-06
1 3 -1.0 7.3e-06
1 4 1.0 1.19e-05
1 4 -1.0 1.19e-05
1 5 1.0 3.16e-05
1 5 -1.0 3.16e-05
1 6 1.0 6.5e-06
1 6 -1.0 6.5e-06
1 7 1.0 1.69e-05
1 7 -1.0 1.69e-05
1 8 1.0 0.0002037
1 8 -1.0 0.0002037
1 9 1.0 1.73e-05
1 9 -1.0 1.73e-05
1 10 1.0 5.08e-05
1 10 -1.0 5.08e-05
1 11 1.0 1.8e-06
1 11 -1.0 1.8e-06
1 12 1.0 2e-07
1 12 -1.0 2e-07
1 13 1.0 6e-07
1 13 -1.0 6e-07
1 14 1.0 0.1
1 14 -1.0 -0.0
1 15 1.0 1.0
1 15 -1.0 -0.8
1 16 1.0 1.0
1 16 -1.0 -0.9
1 17 1.0 0.0
1 17 -1.0 0.0
1 18 1.0 20.0
1 18 -1.0 -20.0
38
13 1 -0.3870757817123679 2 0.8434133693795319 3 -0.0027966261803242494 4 0.0057531486010019735 5 -6.574252635931059e-06 6 2.684125605922514e-07 7 3.920367087712181e-06 8 0.0006770384568729621 9 -6.340013644280455e-05 10 -0.0007706409006934569 14 -0.05349577464863152 15 -1.2576629976203124e-05 16 -0.0038320924981960574 -0.002
13 1 0.3870757817123679 2 -0.8434133693795319 3 0.0027966261803242494 4 -0.0057531486010019735 5 6.574252635931059e-06 6 -2.684125605922514e-07 7 -3.920367087712181e-06 8 -0.0006770384568729621 9 6.340013644280455e-05 10 0.0007706409006934569 14 0.05349577464863152 15 1.2576629976203124e-05 16 0.0038320924981960574 0.004
1 1 1.0 4.6e-06
1 1 -1.0 4.6e-06
1 2 1.0 6.4e-06
1 2 -1.0 6.4e-06
1 3 1.0 7.3e-06
1 3 -1.0 7.3e-06
1 4 1.0 1.19e-05
1 4 -1.0 1.19e-05
1 5 1.0 3.16e-05
1 5 -1.0 3.16e-05
1 6 1.0 6.5e-06
1 6 -1.0 6.5e-06
1 7 1.0 1.69e-05
1 7 -1.0 1.69e-05
1 8 1.0 0.0002037
1 8 -1.0 0.0002037
1 9 1.0 1.73e-05
1 9 -1.0 1.73e-05
1 10 1.0 5.08e-05
1 10 -1.0 5.08e-05
1 11 1.0 1.8e-06
1 11 -1.0 1.8e-06
1 12 1.0 2e-07
1 12 -1.0 2e-07
1 13 1.0 6e-07
1 13 -1.0 6e-07
1 14 1.0 0.1
1 14 -1.0 -0.0
1 15 1.0 1.0
1 15 -1.0 -0.8
1 16 1.0 1.0
1 16 -1.0 -0.9
1 17 1.0 0.0
1 17 -1.0 0.0
1 18 1.0 20.0
1 18 -1.0 -20.0
38
13 1 -0.5125550350796648 2 0.772281038175342 3 -0.0031536997232929453 4 0.004541727555082086 5 -6.547457379331116e-06 6 1.276564491025867e-07 7 6.757368317828909e-06 8 0.0006204432186122301 9 -0.00011627906669600458 10 -0.0007054320183148524 14 -0.05834505884703705 15 -1.371820730388646e-05 16 -0.004179036921659551 -0.002
13 1 0.5125550350796648 2 -0.772281038175342 3 0.0031536997232929453 4 -0.004541727555082086 5 6.547457379331116e-06 6 -1.276564491025867e-07 7 -6.757368317828909e-06 8 -0.0006204432186122301 9 0.00011627906669600458 10 0.0007054320183148524 14 0.05834505884703705 15 1.371820730388646e-05 16 0.004179036921659551 0.004
1 1 1.0 4.6e-06
1 1 -1.0 4.6e-06
1 2 1.0 6.4e-06
1 2 -1.0 6.4e-06
1 3 1.0 7.3e-06
1 3 -1.0 7.3e-06
1 4 1.0 1.19e-05
1 4 -1.0 1.19e-05
1 5 1.0 3.16e-05
1 5 -1.0 3.16e-05
1 6 1.0 6.5e-06
1 6 -1.0 6.5e-06
1 7 1.0 1.69e-05
1 7 -1.0 1.69e-05
1 8 1.0 0.0002037
1 8 -1.0 0.0002037
1 9 1.0 1.73e-05
1 9 -1.0 1.73e-05
1 10 1.0 5.08e-05
1 10 -1.0 5.08e-05
1 11 1.0 1.8e-06
1 11 -1.0 1.8e-06
1 12 1.0 2e-07
1 12 -1.0 2e-07
1 13 1.0 6e-07
1 13 -1.0 6e-07
1 14 1.0 0.1
1 14 -1.0 -0.0
1 15 1.0 1.0
1 15 -1.0 -0.8
1 16 1.0 1.0
1 16 -1.0 -0.9
1 17 1.0 0.0
1 17 -1.0 0.0
1 18 1.0 20.0
1 18 -1.0 -20.0
